  0.603967E-04  0.765682E+08  0.765681E+08  0.100144E+09  0.100090E+09  0.000000E+00  0.765682E+08
  0.607445E-04  0.759163E+08  0.759162E+08  0.992693E+08  0.992150E+08  0.000000E+00  0.759163E+08
  0.612567E-04  0.749767E+08  0.749766E+08  0.980083E+08  0.979538E+08  0.000000E+00  0.749767E+08
  0.620083E-04  0.736396E+08  0.736395E+08  0.962134E+08  0.961585E+08  0.000000E+00  0.736396E+08
  0.631064E-04  0.717715E+08  0.717714E+08  0.937045E+08  0.936492E+08  0.000000E+00  0.717714E+08
  0.647003E-04  0.692271E+08  0.692270E+08  0.902853E+08  0.902293E+08  0.000000E+00  0.692271E+08
  0.669941E-04  0.658794E+08  0.658793E+08  0.857823E+08  0.857252E+08  0.000000E+00  0.658794E+08
  0.702576E-04  0.616696E+08  0.616695E+08  0.801107E+08  0.800521E+08  0.000000E+00  0.616695E+08
  0.748353E-04  0.566667E+08  0.566666E+08  0.733539E+08  0.732929E+08  0.000000E+00  0.566667E+08
  0.811492E-04  0.511061E+08  0.511060E+08  0.658121E+08  0.657477E+08  0.000000E+00  0.511061E+08
  0.896971E-04  0.453665E+08  0.453664E+08  0.579713E+08  0.579019E+08  0.000000E+00  0.453665E+08
  0.101050E-03  0.398777E+08  0.398775E+08  0.503764E+08  0.502997E+08  0.000000E+00  0.398776E+08
  0.115854E-03  0.349986E+08  0.349984E+08  0.434665E+08  0.433793E+08  0.000000E+00  0.349985E+08
  0.134846E-03  0.309352E+08  0.309350E+08  0.374607E+08  0.373584E+08  0.000000E+00  0.309352E+08
  0.158883E-03  0.277306E+08  0.277304E+08  0.323414E+08  0.322180E+08  0.000000E+00  0.277306E+08
  0.188978E-03  0.253098E+08  0.253095E+08  0.279120E+08  0.277600E+08  0.000000E+00  0.253097E+08
  0.226355E-03  0.235390E+08  0.235386E+08  0.238821E+08  0.236929E+08  0.000000E+00  0.235389E+08
  0.272498E-03  0.222729E+08  0.222724E+08  0.199502E+08  0.197165E+08  0.000000E+00  0.222728E+08
  0.329223E-03  0.213806E+08  0.213799E+08  0.158894E+08  0.156100E+08  0.000000E+00  0.213804E+08
  0.398749E-03  0.207556E+08  0.207547E+08  0.116526E+08  0.113411E+08  0.000000E+00  0.207555E+08
  0.483787E-03  0.203165E+08  0.203152E+08  0.749050E+07  0.718531E+07  0.000000E+00  0.203163E+08
  0.587652E-03  0.200026E+08  0.200009E+08  0.398842E+07  0.375557E+07  0.000000E+00  0.200023E+08
  0.714387E-03  0.197698E+08  0.197675E+08  0.180250E+07  0.170881E+07  0.000000E+00  0.197694E+08
  0.868928E-03  0.195859E+08  0.195830E+08  0.988033E+06  0.103574E+07  0.000000E+00  0.195854E+08
  0.105729E-02  0.194267E+08  0.194233E+08  0.654759E+06  0.747630E+06  0.000000E+00  0.194261E+08
  0.128681E-02  0.192737E+08  0.192699E+08  0.202324E+06  0.264509E+06  0.000000E+00  0.192731E+08
  0.156641E-02  0.191117E+08  0.191077E+08  0.757219E+05  0.000000E+00  0.000000E+00  0.191110E+08
  0.190698E-02  0.189271E+08  0.189231E+08 -0.378670E+05  0.000000E+00  0.000000E+00  0.189264E+08
  0.232178E-02  0.187074E+08  0.187034E+08 -0.232186E+05  0.000000E+00  0.000000E+00  0.187067E+08
  0.282695E-02  0.184405E+08  0.184362E+08 -0.273193E+05  0.000000E+00  0.000000E+00  0.184398E+08
  0.344216E-02  0.181144E+08  0.181096E+08 -0.340085E+05  0.000000E+00  0.000000E+00  0.181136E+08
  0.419134E-02  0.177171E+08  0.177117E+08 -0.256816E+05  0.000000E+00  0.000000E+00  0.177162E+08
  0.510368E-02  0.172368E+08  0.172304E+08 -0.192325E+05  0.000000E+00  0.000000E+00  0.172357E+08
  0.621466E-02  0.166618E+08  0.166541E+08 -0.144964E+05  0.000000E+00  0.000000E+00  0.166605E+08
  0.756754E-02  0.159809E+08  0.159712E+08 -0.892680E+04  0.000000E+00  0.000000E+00  0.159793E+08
  0.921498E-02  0.151851E+08  0.151726E+08  0.165118E+04  0.000000E+00  0.000000E+00  0.151830E+08
  0.112211E-01  0.142600E+08  0.142437E+08 -0.275065E+04  0.000000E+00  0.000000E+00  0.142573E+08
  0.136640E-01  0.132044E+08  0.131830E+08 -0.148737E+03  0.000000E+00  0.000000E+00  0.132008E+08
  0.166387E-01  0.120047E+08  0.119768E+08 -0.185272E+04  0.000000E+00  0.000000E+00  0.120000E+08
  0.202611E-01  0.106754E+08  0.106401E+08 -0.589116E+03  0.000000E+00  0.000000E+00  0.106695E+08
  0.243133E-01  0.935047E+07  0.930830E+07 -0.122467E+03  0.000000E+00  0.000000E+00  0.934347E+07
  0.283655E-01  0.820126E+07  0.815459E+07 -0.790071E+02  0.000000E+00  0.000000E+00  0.819351E+07
  0.324177E-01  0.722890E+07  0.718057E+07 -0.111172E+03  0.000000E+00  0.000000E+00  0.722088E+07
  0.364699E-01  0.642789E+07  0.638072E+07 -0.332741E+02  0.000000E+00  0.000000E+00  0.642006E+07
  0.405221E-01  0.578418E+07  0.574058E+07 -0.629462E+02  0.000000E+00  0.000000E+00  0.577694E+07
  0.445743E-01  0.527442E+07  0.523609E+07  0.000000E+00  0.000000E+00  0.000000E+00  0.526806E+07
  0.486265E-01  0.487750E+07  0.484528E+07  0.000000E+00  0.000000E+00  0.000000E+00  0.487215E+07
  0.526787E-01  0.455862E+07  0.453248E+07  0.000000E+00  0.000000E+00  0.000000E+00  0.455428E+07
  0.567309E-01  0.429099E+07  0.427017E+07  0.000000E+00  0.000000E+00  0.000000E+00  0.428754E+07
  0.607831E-01  0.405145E+07  0.403469E+07  0.000000E+00  0.000000E+00  0.000000E+00  0.404867E+07
  0.648353E-01  0.382441E+07  0.381021E+07  0.000000E+00  0.000000E+00  0.000000E+00  0.382205E+07
  0.688875E-01  0.360020E+07  0.358711E+07  0.000000E+00  0.000000E+00  0.000000E+00  0.359803E+07
  0.729397E-01  0.337551E+07  0.336233E+07  0.000000E+00  0.000000E+00  0.000000E+00  0.337332E+07
  0.769919E-01  0.315266E+07  0.313860E+07  0.000000E+00  0.000000E+00  0.000000E+00  0.315033E+07
  0.810441E-01  0.293741E+07  0.292216E+07  0.000000E+00  0.000000E+00  0.000000E+00  0.293488E+07
  0.850963E-01  0.273638E+07  0.272003E+07  0.000000E+00  0.000000E+00  0.000000E+00  0.273366E+07
  0.911086E-01  0.247614E+07  0.245904E+07  0.000000E+00  0.000000E+00  0.000000E+00  0.247330E+07
  0.971208E-01  0.226995E+07  0.225355E+07  0.000000E+00  0.000000E+00  0.000000E+00  0.226723E+07
  0.103133E+00  0.211548E+07  0.210106E+07  0.000000E+00  0.000000E+00  0.000000E+00  0.211308E+07
  0.109145E+00  0.199980E+07  0.198800E+07  0.000000E+00  0.000000E+00  0.000000E+00  0.199784E+07
  0.115158E+00  0.190533E+07  0.189598E+07  0.000000E+00  0.000000E+00  0.000000E+00  0.190378E+07
  0.121170E+00  0.181448E+07  0.180683E+07  0.000000E+00  0.000000E+00  0.000000E+00  0.181321E+07
  0.127182E+00  0.171582E+07  0.170886E+07  0.000000E+00  0.000000E+00  0.000000E+00  0.171466E+07
  0.133194E+00  0.160884E+07  0.160172E+07  0.000000E+00  0.000000E+00  0.000000E+00  0.160766E+07
  0.139207E+00  0.150031E+07  0.149258E+07  0.000000E+00  0.000000E+00  0.000000E+00  0.149903E+07
  0.145219E+00  0.139787E+07  0.138955E+07  0.000000E+00  0.000000E+00  0.000000E+00  0.139649E+07
  0.151231E+00  0.130835E+07  0.129983E+07  0.000000E+00  0.000000E+00  0.000000E+00  0.130694E+07
  0.157244E+00  0.123629E+07  0.122810E+07  0.000000E+00  0.000000E+00  0.000000E+00  0.123493E+07
  0.163256E+00  0.118073E+07  0.117331E+07  0.000000E+00  0.000000E+00  0.000000E+00  0.117950E+07
  0.169268E+00  0.113617E+07  0.112972E+07  0.000000E+00  0.000000E+00  0.000000E+00  0.113510E+07
  0.175280E+00  0.109648E+07  0.109094E+07  0.000000E+00  0.000000E+00  0.000000E+00  0.109556E+07
  0.181293E+00  0.105670E+07  0.105179E+07  0.000000E+00  0.000000E+00  0.000000E+00  0.105588E+07
  0.187305E+00  0.101365E+07  0.100903E+07  0.000000E+00  0.000000E+00  0.000000E+00  0.101288E+07
  0.193317E+00  0.967163E+06  0.962528E+06  0.000000E+00  0.000000E+00  0.000000E+00  0.966393E+06
  0.199329E+00  0.919650E+06  0.914842E+06  0.000000E+00  0.000000E+00  0.000000E+00  0.918852E+06
  0.205342E+00  0.874181E+06  0.869204E+06  0.000000E+00  0.000000E+00  0.000000E+00  0.873354E+06
  0.211354E+00  0.833337E+06  0.828321E+06  0.000000E+00  0.000000E+00  0.000000E+00  0.832504E+06
  0.217366E+00  0.798730E+06  0.793861E+06  0.000000E+00  0.000000E+00  0.000000E+00  0.797921E+06
  0.223378E+00  0.770229E+06  0.765665E+06  0.000000E+00  0.000000E+00  0.000000E+00  0.769471E+06
  0.229391E+00  0.746004E+06  0.741827E+06  0.000000E+00  0.000000E+00  0.000000E+00  0.745310E+06
  0.235403E+00  0.723772E+06  0.719967E+06  0.000000E+00  0.000000E+00  0.000000E+00  0.723140E+06
  0.241415E+00  0.701766E+06  0.698246E+06  0.000000E+00  0.000000E+00  0.000000E+00  0.701182E+06
  0.247428E+00  0.678908E+06  0.675548E+06  0.000000E+00  0.000000E+00  0.000000E+00  0.678350E+06
  0.253440E+00  0.654953E+06  0.651645E+06  0.000000E+00  0.000000E+00  0.000000E+00  0.654404E+06
  0.259452E+00  0.630604E+06  0.627282E+06  0.000000E+00  0.000000E+00  0.000000E+00  0.630052E+06
  0.265464E+00  0.607048E+06  0.603703E+06  0.000000E+00  0.000000E+00  0.000000E+00  0.606492E+06
  0.271477E+00  0.585280E+06  0.581950E+06  0.000000E+00  0.000000E+00  0.000000E+00  0.584727E+06
  0.277489E+00  0.565809E+06  0.562555E+06  0.000000E+00  0.000000E+00  0.000000E+00  0.565269E+06
  0.283501E+00  0.548651E+06  0.545529E+06  0.000000E+00  0.000000E+00  0.000000E+00  0.548132E+06
  0.289513E+00  0.533355E+06  0.530400E+06  0.000000E+00  0.000000E+00  0.000000E+00  0.532865E+06
  0.295526E+00  0.519181E+06  0.516393E+06  0.000000E+00  0.000000E+00  0.000000E+00  0.518718E+06
  0.301538E+00  0.505410E+06  0.502762E+06  0.000000E+00  0.000000E+00  0.000000E+00  0.504971E+06
  0.307550E+00  0.491583E+06  0.489034E+06  0.000000E+00  0.000000E+00  0.000000E+00  0.491160E+06
  0.313562E+00  0.477558E+06  0.475067E+06  0.000000E+00  0.000000E+00  0.000000E+00  0.477144E+06
  0.319575E+00  0.463496E+06  0.461035E+06  0.000000E+00  0.000000E+00  0.000000E+00  0.463088E+06
  0.325587E+00  0.449775E+06  0.447335E+06  0.000000E+00  0.000000E+00  0.000000E+00  0.449370E+06
  0.331599E+00  0.436770E+06  0.434360E+06  0.000000E+00  0.000000E+00  0.000000E+00  0.436370E+06
  0.337612E+00  0.424690E+06  0.422328E+06  0.000000E+00  0.000000E+00  0.000000E+00  0.424298E+06
  0.343624E+00  0.413568E+06  0.411273E+06  0.000000E+00  0.000000E+00  0.000000E+00  0.413187E+06
  0.349636E+00  0.403305E+06  0.401090E+06  0.000000E+00  0.000000E+00  0.000000E+00  0.402937E+06
  0.355648E+00  0.393666E+06  0.391535E+06  0.000000E+00  0.000000E+00  0.000000E+00  0.393312E+06
  0.361661E+00  0.384368E+06  0.382313E+06  0.000000E+00  0.000000E+00  0.000000E+00  0.384027E+06
  0.367673E+00  0.375226E+06  0.373233E+06  0.000000E+00  0.000000E+00  0.000000E+00  0.374895E+06
  0.373685E+00  0.366179E+06  0.364234E+06  0.000000E+00  0.000000E+00  0.000000E+00  0.365856E+06
  0.374945E+00  0.364294E+06  0.362357E+06  0.000000E+00  0.000000E+00  0.000000E+00  0.363972E+06
  0.457959E+00  0.267534E+06  0.266082E+06  0.000000E+00  0.000000E+00  0.000000E+00  0.267293E+06
  0.559352E+00  0.195830E+06  0.194773E+06  0.000000E+00  0.000000E+00  0.000000E+00  0.195655E+06
  0.683194E+00  0.142488E+06  0.141718E+06  0.000000E+00  0.000000E+00  0.000000E+00  0.142360E+06
  0.834455E+00  0.103175E+06  0.102618E+06  0.000000E+00  0.000000E+00  0.000000E+00  0.103082E+06
  0.101921E+01  0.743765E+05  0.739749E+05  0.000000E+00  0.000000E+00  0.000000E+00  0.743098E+05
  0.124486E+01  0.533974E+05  0.531091E+05  0.000000E+00  0.000000E+00  0.000000E+00  0.533495E+05
  0.152048E+01  0.381930E+05  0.379867E+05  0.000000E+00  0.000000E+00  0.000000E+00  0.381587E+05
  0.185711E+01  0.272252E+05  0.270781E+05  0.000000E+00  0.000000E+00  0.000000E+00  0.272008E+05
  0.226829E+01  0.193467E+05  0.192420E+05  0.000000E+00  0.000000E+00  0.000000E+00  0.193294E+05
  0.277049E+01  0.137089E+05  0.136345E+05  0.000000E+00  0.000000E+00  0.000000E+00  0.136965E+05
  0.338388E+01  0.968849E+04  0.963579E+04  0.000000E+00  0.000000E+00  0.000000E+00  0.967974E+04
  0.413308E+01  0.683066E+04  0.679333E+04  0.000000E+00  0.000000E+00  0.000000E+00  0.682446E+04
  0.504816E+01  0.480505E+04  0.477861E+04  0.000000E+00  0.000000E+00  0.000000E+00  0.480066E+04
  0.616584E+01  0.337315E+04  0.335440E+04  0.000000E+00  0.000000E+00  0.000000E+00  0.337003E+04
  0.753097E+01  0.236343E+04  0.235010E+04  0.000000E+00  0.000000E+00  0.000000E+00  0.236122E+04
  0.919835E+01  0.165302E+04  0.164349E+04  0.000000E+00  0.000000E+00  0.000000E+00  0.165143E+04
  0.112349E+02  0.115422E+04  0.114735E+04  0.000000E+00  0.000000E+00  0.000000E+00  0.115308E+04
  0.137223E+02  0.804688E+03  0.799675E+03  0.000000E+00  0.000000E+00  0.000000E+00  0.803855E+03
  0.167605E+02  0.560182E+03  0.556459E+03  0.000000E+00  0.000000E+00  0.000000E+00  0.559564E+03
  0.204713E+02  0.389431E+03  0.386602E+03  0.000000E+00  0.000000E+00  0.000000E+00  0.388961E+03
  0.250037E+02  0.270369E+03  0.268156E+03  0.000000E+00  0.000000E+00  0.000000E+00  0.270002E+03
  0.305396E+02  0.187469E+03  0.185676E+03  0.000000E+00  0.000000E+00  0.000000E+00  0.187171E+03
  0.373011E+02  0.129823E+03  0.128316E+03  0.000000E+00  0.000000E+00  0.000000E+00  0.129573E+03
  0.455597E+02  0.897892E+02  0.884731E+02  0.000000E+00  0.000000E+00  0.000000E+00  0.895707E+02
  0.556468E+02  0.620184E+02  0.608287E+02  0.000000E+00  0.000000E+00  0.000000E+00  0.618209E+02
  0.679671E+02  0.427752E+02  0.416678E+02  0.000000E+00  0.000000E+00  0.000000E+00  0.425914E+02
  0.830152E+02  0.294547E+02  0.284002E+02  0.000000E+00  0.000000E+00  0.000000E+00  0.292796E+02
  0.101395E+03  0.202428E+02  0.192231E+02  0.000000E+00  0.000000E+00  0.000000E+00  0.200735E+02
