  0.968462E-05  0.201947E+08  0.201947E+08  0.269121E+08  0.269117E+08  0.000000E+00  0.201947E+08
  0.117790E-04  0.201947E+08  0.201947E+08  0.269053E+08  0.269047E+08  0.000000E+00  0.201947E+08
  0.143262E-04  0.201946E+08  0.201946E+08  0.268952E+08  0.268944E+08  0.000000E+00  0.201946E+08
  0.174243E-04  0.201946E+08  0.201946E+08  0.268803E+08  0.268791E+08  0.000000E+00  0.201946E+08
  0.211924E-04  0.201946E+08  0.201946E+08  0.268583E+08  0.268565E+08  0.000000E+00  0.201946E+08
  0.257754E-04  0.201945E+08  0.201945E+08  0.268258E+08  0.268232E+08  0.000000E+00  0.201945E+08
  0.313495E-04  0.201944E+08  0.201944E+08  0.267778E+08  0.267739E+08  0.000000E+00  0.201944E+08
  0.381289E-04  0.201942E+08  0.201942E+08  0.267070E+08  0.267011E+08  0.000000E+00  0.201942E+08
  0.463745E-04  0.201940E+08  0.201940E+08  0.266024E+08  0.265938E+08  0.000000E+00  0.201940E+08
  0.564032E-04  0.201937E+08  0.201937E+08  0.264485E+08  0.264358E+08  0.000000E+00  0.201937E+08
  0.686007E-04  0.201932E+08  0.201932E+08  0.262223E+08  0.262036E+08  0.000000E+00  0.201932E+08
  0.834360E-04  0.201925E+08  0.201924E+08  0.258908E+08  0.258635E+08  0.000000E+00  0.201925E+08
  0.101479E-03  0.201914E+08  0.201914E+08  0.254076E+08  0.253678E+08  0.000000E+00  0.201914E+08
  0.123425E-03  0.201899E+08  0.201898E+08  0.247079E+08  0.246504E+08  0.000000E+00  0.201899E+08
  0.150116E-03  0.201876E+08  0.201875E+08  0.237051E+08  0.236228E+08  0.000000E+00  0.201876E+08
  0.182579E-03  0.201843E+08  0.201840E+08  0.222899E+08  0.221742E+08  0.000000E+00  0.201842E+08
  0.222063E-03  0.201793E+08  0.201790E+08  0.203384E+08  0.201796E+08  0.000000E+00  0.201793E+08
  0.270085E-03  0.201722E+08  0.201717E+08  0.177390E+08  0.175291E+08  0.000000E+00  0.201721E+08
  0.328493E-03  0.201617E+08  0.201610E+08  0.144545E+08  0.141925E+08  0.000000E+00  0.201616E+08
  0.399531E-03  0.201467E+08  0.201457E+08  0.106277E+08  0.103292E+08  0.000000E+00  0.201465E+08
  0.485931E-03  0.201253E+08  0.201239E+08  0.670399E+07  0.641114E+07  0.000000E+00  0.201251E+08
  0.591016E-03  0.200952E+08  0.200934E+08  0.343814E+07  0.321931E+07  0.000000E+00  0.200950E+08
  0.718827E-03  0.200537E+08  0.200512E+08  0.153944E+07  0.145603E+07  0.000000E+00  0.200533E+08
  0.874276E-03  0.199972E+08  0.199941E+08  0.931434E+06  0.970910E+06  0.000000E+00  0.199967E+08
  0.106334E-02  0.199215E+08  0.199180E+08  0.606647E+06  0.668931E+06  0.000000E+00  0.199210E+08
  0.129330E-02  0.198217E+08  0.198177E+08  0.159273E+06  0.195433E+06  0.000000E+00  0.198211E+08
  0.157298E-02  0.196914E+08  0.196872E+08  0.726396E+05  0.000000E+00  0.000000E+00  0.196907E+08
  0.191314E-02  0.195232E+08  0.195191E+08 -0.579942E+05  0.000000E+00  0.000000E+00  0.195226E+08
  0.232687E-02  0.193087E+08  0.193045E+08 -0.362139E+05  0.000000E+00  0.000000E+00  0.193081E+08
  0.283007E-02  0.190383E+08  0.190338E+08 -0.297427E+05  0.000000E+00  0.000000E+00  0.190376E+08
  0.344208E-02  0.187019E+08  0.186968E+08 -0.406887E+05  0.000000E+00  0.000000E+00  0.187011E+08
  0.418645E-02  0.182885E+08  0.182828E+08 -0.290543E+05  0.000000E+00  0.000000E+00  0.182876E+08
  0.509179E-02  0.177872E+08  0.177805E+08 -0.228236E+05  0.000000E+00  0.000000E+00  0.177862E+08
  0.619291E-02  0.171870E+08  0.171788E+08 -0.174422E+05  0.000000E+00  0.000000E+00  0.171858E+08
  0.753216E-02  0.164771E+08  0.164668E+08 -0.110265E+05  0.000000E+00  0.000000E+00  0.164755E+08
  0.916103E-02  0.156494E+08  0.156361E+08 -0.448691E+03  0.000000E+00  0.000000E+00  0.156473E+08
  0.111421E-01  0.146895E+08  0.146722E+08 -0.388769E+04  0.000000E+00  0.000000E+00  0.146868E+08
  0.135517E-01  0.135980E+08  0.135754E+08 -0.570096E+03  0.000000E+00  0.000000E+00  0.135945E+08
  0.164823E-01  0.123621E+08  0.123328E+08 -0.192844E+04  0.000000E+00  0.000000E+00  0.123575E+08
  0.200467E-01  0.109987E+08  0.109618E+08 -0.351930E+03  0.000000E+00  0.000000E+00  0.109930E+08
  0.240560E-01  0.963752E+07  0.959367E+07 -0.197699E+03  0.000000E+00  0.000000E+00  0.963072E+07
  0.280654E-01  0.846199E+07  0.841380E+07 -0.183688E+03  0.000000E+00  0.000000E+00  0.845452E+07
  0.320747E-01  0.747131E+07  0.742179E+07 -0.114196E+03  0.000000E+00  0.000000E+00  0.746363E+07
  0.360841E-01  0.665766E+07  0.660977E+07 -0.988939E+02  0.000000E+00  0.000000E+00  0.665023E+07
  0.400934E-01  0.600457E+07  0.596074E+07 -0.639240E+02  0.000000E+00  0.000000E+00  0.599777E+07
  0.441027E-01  0.548674E+07  0.544863E+07  0.000000E+00  0.000000E+00  0.000000E+00  0.548083E+07
  0.481121E-01  0.508050E+07  0.504880E+07  0.000000E+00  0.000000E+00  0.000000E+00  0.507559E+07
  0.521214E-01  0.475037E+07  0.472488E+07  0.000000E+00  0.000000E+00  0.000000E+00  0.474642E+07
  0.561307E-01  0.446888E+07  0.444864E+07  0.000000E+00  0.000000E+00  0.000000E+00  0.446574E+07
  0.601401E-01  0.421378E+07  0.419738E+07  0.000000E+00  0.000000E+00  0.000000E+00  0.421124E+07
  0.641494E-01  0.397054E+07  0.395638E+07  0.000000E+00  0.000000E+00  0.000000E+00  0.396834E+07
  0.681588E-01  0.373067E+07  0.371726E+07  0.000000E+00  0.000000E+00  0.000000E+00  0.372859E+07
  0.721681E-01  0.349217E+07  0.347838E+07  0.000000E+00  0.000000E+00  0.000000E+00  0.349004E+07
  0.761774E-01  0.325854E+07  0.324367E+07  0.000000E+00  0.000000E+00  0.000000E+00  0.325623E+07
  0.801868E-01  0.303603E+07  0.301991E+07  0.000000E+00  0.000000E+00  0.000000E+00  0.303353E+07
  0.841961E-01  0.283115E+07  0.281402E+07  0.000000E+00  0.000000E+00  0.000000E+00  0.282849E+07
  0.901410E-01  0.257014E+07  0.255260E+07  0.000000E+00  0.000000E+00  0.000000E+00  0.256742E+07
  0.960859E-01  0.236567E+07  0.234925E+07  0.000000E+00  0.000000E+00  0.000000E+00  0.236312E+07
  0.102031E+00  0.221170E+07  0.219760E+07  0.000000E+00  0.000000E+00  0.000000E+00  0.220951E+07
  0.107976E+00  0.209302E+07  0.208166E+07  0.000000E+00  0.000000E+00  0.000000E+00  0.209126E+07
  0.113920E+00  0.199128E+07  0.198227E+07  0.000000E+00  0.000000E+00  0.000000E+00  0.198988E+07
  0.119865E+00  0.188982E+07  0.188224E+07  0.000000E+00  0.000000E+00  0.000000E+00  0.188864E+07
  0.125810E+00  0.178013E+07  0.177294E+07  0.000000E+00  0.000000E+00  0.000000E+00  0.177902E+07
  0.131755E+00  0.166487E+07  0.165730E+07  0.000000E+00  0.000000E+00  0.000000E+00  0.166370E+07
  0.137700E+00  0.155189E+07  0.154366E+07  0.000000E+00  0.000000E+00  0.000000E+00  0.155062E+07
  0.143645E+00  0.144849E+07  0.143978E+07  0.000000E+00  0.000000E+00  0.000000E+00  0.144714E+07
  0.149590E+00  0.136062E+07  0.135193E+07  0.000000E+00  0.000000E+00  0.000000E+00  0.135928E+07
  0.155535E+00  0.129089E+07  0.128275E+07  0.000000E+00  0.000000E+00  0.000000E+00  0.128963E+07
  0.161479E+00  0.123605E+07  0.122883E+07  0.000000E+00  0.000000E+00  0.000000E+00  0.123493E+07
  0.167424E+00  0.118969E+07  0.118346E+07  0.000000E+00  0.000000E+00  0.000000E+00  0.118872E+07
  0.173369E+00  0.114605E+07  0.114065E+07  0.000000E+00  0.000000E+00  0.000000E+00  0.114521E+07
  0.179314E+00  0.110100E+07  0.109608E+07  0.000000E+00  0.000000E+00  0.000000E+00  0.110023E+07
  0.185259E+00  0.105267E+07  0.104789E+07  0.000000E+00  0.000000E+00  0.000000E+00  0.105193E+07
  0.191204E+00  0.100230E+07  0.997413E+06  0.000000E+00  0.000000E+00  0.000000E+00  0.100154E+07
  0.197149E+00  0.952884E+06  0.947812E+06  0.000000E+00  0.000000E+00  0.000000E+00  0.952098E+06
  0.203094E+00  0.907210E+06  0.902038E+06  0.000000E+00  0.000000E+00  0.000000E+00  0.906408E+06
  0.209038E+00  0.867272E+06  0.862171E+06  0.000000E+00  0.000000E+00  0.000000E+00  0.866481E+06
  0.214983E+00  0.833769E+06  0.828920E+06  0.000000E+00  0.000000E+00  0.000000E+00  0.833017E+06
  0.220928E+00  0.805545E+06  0.801066E+06  0.000000E+00  0.000000E+00  0.000000E+00  0.804851E+06
  0.226873E+00  0.780312E+06  0.776228E+06  0.000000E+00  0.000000E+00  0.000000E+00  0.779679E+06
  0.232818E+00  0.756039E+06  0.752283E+06  0.000000E+00  0.000000E+00  0.000000E+00  0.755457E+06
  0.238763E+00  0.731453E+06  0.727910E+06  0.000000E+00  0.000000E+00  0.000000E+00  0.730904E+06
  0.244708E+00  0.706016E+06  0.702566E+06  0.000000E+00  0.000000E+00  0.000000E+00  0.705481E+06
  0.250653E+00  0.680070E+06  0.676630E+06  0.000000E+00  0.000000E+00  0.000000E+00  0.679537E+06
  0.256597E+00  0.654664E+06  0.651207E+06  0.000000E+00  0.000000E+00  0.000000E+00  0.654128E+06
  0.262542E+00  0.630878E+06  0.627429E+06  0.000000E+00  0.000000E+00  0.000000E+00  0.630344E+06
  0.268487E+00  0.609333E+06  0.605948E+06  0.000000E+00  0.000000E+00  0.000000E+00  0.608808E+06
  0.274432E+00  0.590142E+06  0.586879E+06  0.000000E+00  0.000000E+00  0.000000E+00  0.589636E+06
  0.280377E+00  0.572969E+06  0.569869E+06  0.000000E+00  0.000000E+00  0.000000E+00  0.572488E+06
  0.286322E+00  0.557149E+06  0.554220E+06  0.000000E+00  0.000000E+00  0.000000E+00  0.556695E+06
  0.292267E+00  0.541966E+06  0.539187E+06  0.000000E+00  0.000000E+00  0.000000E+00  0.541535E+06
  0.298212E+00  0.526915E+06  0.524246E+06  0.000000E+00  0.000000E+00  0.000000E+00  0.526501E+06
  0.304156E+00  0.511797E+06  0.509198E+06  0.000000E+00  0.000000E+00  0.000000E+00  0.511394E+06
  0.310101E+00  0.496707E+06  0.494147E+06  0.000000E+00  0.000000E+00  0.000000E+00  0.496310E+06
  0.316046E+00  0.481964E+06  0.479432E+06  0.000000E+00  0.000000E+00  0.000000E+00  0.481572E+06
  0.321991E+00  0.467936E+06  0.465437E+06  0.000000E+00  0.000000E+00  0.000000E+00  0.467549E+06
  0.327936E+00  0.454841E+06  0.452391E+06  0.000000E+00  0.000000E+00  0.000000E+00  0.454461E+06
  0.333881E+00  0.442711E+06  0.440329E+06  0.000000E+00  0.000000E+00  0.000000E+00  0.442342E+06
  0.339826E+00  0.431455E+06  0.429155E+06  0.000000E+00  0.000000E+00  0.000000E+00  0.431098E+06
  0.345771E+00  0.420871E+06  0.418656E+06  0.000000E+00  0.000000E+00  0.000000E+00  0.420528E+06
  0.351715E+00  0.410695E+06  0.408557E+06  0.000000E+00  0.000000E+00  0.000000E+00  0.410363E+06
  0.357660E+00  0.400734E+06  0.398661E+06  0.000000E+00  0.000000E+00  0.000000E+00  0.400412E+06
  0.363605E+00  0.390928E+06  0.388905E+06  0.000000E+00  0.000000E+00  0.000000E+00  0.390614E+06
  0.369550E+00  0.381291E+06  0.379308E+06  0.000000E+00  0.000000E+00  0.000000E+00  0.380984E+06
  0.375495E+00  0.371889E+06  0.369939E+06  0.000000E+00  0.000000E+00  0.000000E+00  0.371586E+06
  0.381440E+00  0.362832E+06  0.360915E+06  0.000000E+00  0.000000E+00  0.000000E+00  0.362535E+06
  0.387385E+00  0.354206E+06  0.352327E+06  0.000000E+00  0.000000E+00  0.000000E+00  0.353915E+06
  0.388691E+00  0.352373E+06  0.350503E+06  0.000000E+00  0.000000E+00  0.000000E+00  0.352083E+06
  0.474748E+00  0.259289E+06  0.257930E+06  0.000000E+00  0.000000E+00  0.000000E+00  0.259079E+06
  0.579858E+00  0.189436E+06  0.188441E+06  0.000000E+00  0.000000E+00  0.000000E+00  0.189282E+06
  0.708240E+00  0.137700E+06  0.136978E+06  0.000000E+00  0.000000E+00  0.000000E+00  0.137588E+06
  0.865047E+00  0.996044E+05  0.990818E+05  0.000000E+00  0.000000E+00  0.000000E+00  0.995233E+05
  0.105657E+01  0.717330E+05  0.713566E+05  0.000000E+00  0.000000E+00  0.000000E+00  0.716746E+05
  0.129050E+01  0.514542E+05  0.511841E+05  0.000000E+00  0.000000E+00  0.000000E+00  0.514123E+05
  0.157622E+01  0.367736E+05  0.365805E+05  0.000000E+00  0.000000E+00  0.000000E+00  0.367437E+05
  0.192520E+01  0.261941E+05  0.260564E+05  0.000000E+00  0.000000E+00  0.000000E+00  0.261727E+05
  0.235144E+01  0.186012E+05  0.185033E+05  0.000000E+00  0.000000E+00  0.000000E+00  0.185860E+05
  0.287206E+01  0.131723E+05  0.131028E+05  0.000000E+00  0.000000E+00  0.000000E+00  0.131615E+05
  0.350794E+01  0.930388E+04  0.925462E+04  0.000000E+00  0.000000E+00  0.000000E+00  0.929624E+04
  0.428460E+01  0.655597E+04  0.652108E+04  0.000000E+00  0.000000E+00  0.000000E+00  0.655056E+04
  0.523323E+01  0.460951E+04  0.458479E+04  0.000000E+00  0.000000E+00  0.000000E+00  0.460568E+04
  0.639188E+01  0.323439E+04  0.321684E+04  0.000000E+00  0.000000E+00  0.000000E+00  0.323167E+04
  0.780706E+01  0.226523E+04  0.225273E+04  0.000000E+00  0.000000E+00  0.000000E+00  0.226329E+04
  0.953556E+01  0.158370E+04  0.157473E+04  0.000000E+00  0.000000E+00  0.000000E+00  0.158231E+04
  0.116468E+02  0.110541E+04  0.109892E+04  0.000000E+00  0.000000E+00  0.000000E+00  0.110440E+04
  0.142254E+02  0.770386E+03  0.765618E+03  0.000000E+00  0.000000E+00  0.000000E+00  0.769646E+03
  0.173749E+02  0.536125E+03  0.532556E+03  0.000000E+00  0.000000E+00  0.000000E+00  0.535572E+03
  0.212218E+02  0.372590E+03  0.369849E+03  0.000000E+00  0.000000E+00  0.000000E+00  0.372165E+03
  0.259203E+02  0.258600E+03  0.256428E+03  0.000000E+00  0.000000E+00  0.000000E+00  0.258264E+03
  0.316592E+02  0.179257E+03  0.177473E+03  0.000000E+00  0.000000E+00  0.000000E+00  0.178980E+03
  0.386686E+02  0.124102E+03  0.122580E+03  0.000000E+00  0.000000E+00  0.000000E+00  0.123866E+03
  0.472300E+02  0.858080E+02  0.844605E+02  0.000000E+00  0.000000E+00  0.000000E+00  0.855991E+02
  0.576868E+02  0.592516E+02  0.580186E+02  0.000000E+00  0.000000E+00  0.000000E+00  0.590604E+02
