    0.10000E-03    0.43254E+03
    0.10202E-03    0.44127E+03
    0.10408E-03    0.45018E+03
    0.10618E-03    0.45927E+03
    0.10833E-03    0.46854E+03
    0.11052E-03    0.47800E+03
    0.11275E-03    0.48765E+03
    0.11503E-03    0.49749E+03
    0.11735E-03    0.50753E+03
    0.11972E-03    0.51778E+03
    0.12214E-03    0.52823E+03
    0.12461E-03    0.53889E+03
    0.12712E-03    0.54976E+03
    0.12969E-03    0.56086E+03
    0.13231E-03    0.57218E+03
    0.13499E-03    0.58372E+03
    0.13771E-03    0.59550E+03
    0.14049E-03    0.60751E+03
    0.14333E-03    0.61977E+03
    0.14623E-03    0.63227E+03
    0.14918E-03    0.64503E+03
    0.15220E-03    0.65804E+03
    0.15527E-03    0.67132E+03
    0.15841E-03    0.68486E+03
    0.16161E-03    0.69867E+03
    0.16487E-03    0.71276E+03
    0.16820E-03    0.72713E+03
    0.17160E-03    0.74180E+03
    0.17507E-03    0.75675E+03
    0.17860E-03    0.77201E+03
    0.18221E-03    0.78758E+03
    0.18589E-03    0.80345E+03
    0.18965E-03    0.81965E+03
    0.19348E-03    0.83617E+03
    0.19739E-03    0.85302E+03
    0.20138E-03    0.87021E+03
    0.20544E-03    0.88774E+03
    0.20959E-03    0.90563E+03
    0.21383E-03    0.92387E+03
    0.21815E-03    0.94248E+03
    0.22255E-03    0.96147E+03
    0.22705E-03    0.98083E+03
    0.23164E-03    0.10006E+04
    0.23632E-03    0.10207E+04
    0.24109E-03    0.10413E+04
    0.24596E-03    0.10622E+04
    0.25093E-03    0.10836E+04
    0.25600E-03    0.11054E+04
    0.26117E-03    0.11277E+04
    0.26645E-03    0.11503E+04
    0.27183E-03    0.11735E+04
    0.27732E-03    0.11971E+04
    0.28292E-03    0.12211E+04
    0.28864E-03    0.12457E+04
    0.29447E-03    0.12707E+04
    0.30042E-03    0.12963E+04
    0.30649E-03    0.13223E+04
    0.31268E-03    0.13489E+04
    0.31899E-03    0.13759E+04
    0.32544E-03    0.14036E+04
    0.33201E-03    0.14317E+04
    0.33872E-03    0.14605E+04
    0.34556E-03    0.14898E+04
    0.35254E-03    0.15196E+04
    0.35966E-03    0.15501E+04
    0.36693E-03    0.15812E+04
    0.37434E-03    0.16129E+04
    0.38190E-03    0.16452E+04
    0.38962E-03    0.16781E+04
    0.39749E-03    0.17117E+04
    0.40552E-03    0.17460E+04
    0.41371E-03    0.17809E+04
    0.42207E-03    0.18166E+04
    0.43060E-03    0.18529E+04
    0.43929E-03    0.18899E+04
    0.44817E-03    0.19277E+04
    0.45722E-03    0.19661E+04
    0.46646E-03    0.20054E+04
    0.47588E-03    0.20454E+04
    0.48550E-03    0.20862E+04
    0.49530E-03    0.21278E+04
    0.50531E-03    0.21702E+04
    0.51552E-03    0.22134E+04
    0.52593E-03    0.22575E+04
    0.53656E-03    0.23024E+04
    0.54739E-03    0.23482E+04
    0.55845E-03    0.23948E+04
    0.56973E-03    0.24424E+04
    0.58124E-03    0.24909E+04
    0.59299E-03    0.25403E+04
    0.60496E-03    0.25906E+04
    0.61719E-03    0.26420E+04
    0.62965E-03    0.26943E+04
    0.64237E-03    0.27476E+04
    0.65535E-03    0.28019E+04
    0.66859E-03    0.28573E+04
    0.68210E-03    0.29137E+04
    0.69588E-03    0.29712E+04
    0.70993E-03    0.30298E+04
    0.72427E-03    0.30895E+04
    0.73891E-03    0.31503E+04
    0.75383E-03    0.32122E+04
    0.76906E-03    0.32753E+04
    0.78460E-03    0.33396E+04
    0.80045E-03    0.34052E+04
    0.81662E-03    0.34719E+04
    0.83311E-03    0.35399E+04
    0.84994E-03    0.36091E+04
    0.86711E-03    0.36796E+04
    0.88463E-03    0.37514E+04
    0.90250E-03    0.38246E+04
    0.92073E-03    0.38990E+04
    0.93933E-03    0.39749E+04
    0.95831E-03    0.40521E+04
    0.97767E-03    0.41308E+04
    0.99742E-03    0.42109E+04
    0.10176E-02    0.42924E+04
    0.10381E-02    0.43754E+04
    0.10591E-02    0.44599E+04
    0.10805E-02    0.45459E+04
    0.11023E-02    0.46334E+04
    0.11246E-02    0.47225E+04
    0.11473E-02    0.48132E+04
    0.11705E-02    0.49055E+04
    0.11941E-02    0.49994E+04
    0.12182E-02    0.50950E+04
    0.12429E-02    0.51922E+04
    0.12680E-02    0.52911E+04
    0.12936E-02    0.53918E+04
    0.13197E-02    0.54941E+04
    0.13464E-02    0.55983E+04
    0.13736E-02    0.57042E+04
    0.14013E-02    0.58119E+04
    0.14296E-02    0.59214E+04
    0.14585E-02    0.60328E+04
    0.14880E-02    0.61460E+04
    0.15180E-02    0.62611E+04
    0.15487E-02    0.63781E+04
    0.15800E-02    0.64971E+04
    0.16119E-02    0.66179E+04
    0.16445E-02    0.67408E+04
    0.16777E-02    0.68656E+04
    0.17116E-02    0.69925E+04
    0.17462E-02    0.71213E+04
    0.17814E-02    0.72522E+04
    0.18174E-02    0.73852E+04
    0.18541E-02    0.75202E+04
    0.18916E-02    0.76573E+04
    0.19298E-02    0.77965E+04
    0.19688E-02    0.79378E+04
    0.20086E-02    0.80813E+04
    0.20491E-02    0.82269E+04
    0.20905E-02    0.83746E+04
    0.21328E-02    0.85245E+04
    0.21758E-02    0.86767E+04
    0.22198E-02    0.88310E+04
    0.22646E-02    0.89875E+04
    0.23104E-02    0.91462E+04
    0.23571E-02    0.93072E+04
    0.24047E-02    0.94704E+04
    0.24533E-02    0.96359E+04
    0.25028E-02    0.98035E+04
    0.25534E-02    0.99734E+04
    0.26050E-02    0.10145E+05
    0.26576E-02    0.10320E+05
    0.27113E-02    0.10496E+05
    0.27660E-02    0.10675E+05
    0.28219E-02    0.10856E+05
    0.28789E-02    0.11039E+05
    0.29371E-02    0.11224E+05
    0.29964E-02    0.11411E+05
    0.30569E-02    0.11601E+05
    0.31187E-02    0.11793E+05
    0.31817E-02    0.11987E+05
    0.32460E-02    0.12183E+05
    0.33115E-02    0.12381E+05
    0.33784E-02    0.12582E+05
    0.34467E-02    0.12785E+05
    0.35163E-02    0.12991E+05
    0.35874E-02    0.13198E+05
    0.36598E-02    0.13408E+05
    0.37338E-02    0.13619E+05
    0.38092E-02    0.13832E+05
    0.38861E-02    0.14046E+05
    0.39646E-02    0.14262E+05
    0.40447E-02    0.14479E+05
    0.41264E-02    0.14697E+05
    0.42098E-02    0.14915E+05
    0.42948E-02    0.15134E+05
    0.43816E-02    0.15353E+05
    0.44701E-02    0.15573E+05
    0.45604E-02    0.15794E+05
    0.46525E-02    0.16016E+05
    0.47465E-02    0.16239E+05
    0.48424E-02    0.16463E+05
    0.49402E-02    0.16688E+05
    0.50400E-02    0.16916E+05
    0.51419E-02    0.17144E+05
    0.52457E-02    0.17375E+05
    0.53517E-02    0.17607E+05
    0.54598E-02    0.17841E+05
    0.55701E-02    0.18076E+05
    0.56826E-02    0.18311E+05
    0.57974E-02    0.18547E+05
    0.59145E-02    0.18784E+05
    0.60340E-02    0.19020E+05
    0.61559E-02    0.19256E+05
    0.62803E-02    0.19491E+05
    0.64072E-02    0.19726E+05
    0.65366E-02    0.19960E+05
    0.66686E-02    0.20193E+05
    0.68033E-02    0.20425E+05
    0.69408E-02    0.20656E+05
    0.70810E-02    0.20885E+05
    0.72240E-02    0.21113E+05
    0.73700E-02    0.21340E+05
    0.75189E-02    0.21565E+05
    0.76708E-02    0.21788E+05
    0.78257E-02    0.22009E+05
    0.79838E-02    0.22228E+05
    0.81451E-02    0.22445E+05
    0.83096E-02    0.22659E+05
    0.84775E-02    0.22870E+05
    0.86488E-02    0.23078E+05
    0.88235E-02    0.23282E+05
    0.90017E-02    0.23482E+05
    0.91836E-02    0.23678E+05
    0.93691E-02    0.23869E+05
    0.95583E-02    0.24056E+05
    0.97514E-02    0.24238E+05
    0.99484E-02    0.24415E+05
    0.10149E-01    0.24587E+05
    0.10354E-01    0.24753E+05
    0.10564E-01    0.24913E+05
    0.10777E-01    0.25068E+05
    0.10995E-01    0.25217E+05
    0.11217E-01    0.25360E+05
    0.11443E-01    0.25496E+05
    0.11675E-01    0.25626E+05
    0.11910E-01    0.25748E+05
    0.12151E-01    0.25862E+05
    0.12397E-01    0.25969E+05
    0.12647E-01    0.26067E+05
    0.12902E-01    0.26157E+05
    0.13163E-01    0.26237E+05
    0.13429E-01    0.26307E+05
    0.13700E-01    0.26368E+05
    0.13977E-01    0.26418E+05
    0.14259E-01    0.26458E+05
    0.14547E-01    0.26487E+05
    0.14841E-01    0.26505E+05
    0.15141E-01    0.26512E+05
    0.15447E-01    0.26508E+05
    0.15759E-01    0.26493E+05
    0.16077E-01    0.26467E+05
    0.16402E-01    0.26428E+05
    0.16734E-01    0.26379E+05
    0.17072E-01    0.26317E+05
    0.17416E-01    0.26243E+05
    0.17768E-01    0.26157E+05
    0.18127E-01    0.26059E+05
    0.18493E-01    0.25948E+05
    0.18867E-01    0.25824E+05
    0.19248E-01    0.25687E+05
    0.19637E-01    0.25537E+05
    0.20034E-01    0.25374E+05
    0.20438E-01    0.25199E+05
    0.20851E-01    0.25010E+05
    0.21272E-01    0.24809E+05
    0.21702E-01    0.24595E+05
    0.22141E-01    0.24369E+05
    0.22588E-01    0.24131E+05
    0.23044E-01    0.23882E+05
    0.23510E-01    0.23622E+05
    0.23985E-01    0.23351E+05
    0.24469E-01    0.23070E+05
    0.24964E-01    0.22779E+05
    0.25468E-01    0.22479E+05
    0.25982E-01    0.22170E+05
    0.26507E-01    0.21854E+05
    0.27043E-01    0.21531E+05
    0.27589E-01    0.21201E+05
    0.28146E-01    0.20865E+05
    0.28715E-01    0.20525E+05
    0.29295E-01    0.20180E+05
    0.29887E-01    0.19833E+05
    0.30490E-01    0.19483E+05
    0.31106E-01    0.19132E+05
    0.31735E-01    0.18781E+05
    0.32376E-01    0.18430E+05
    0.33030E-01    0.18081E+05
    0.33697E-01    0.17735E+05
    0.34378E-01    0.17392E+05
    0.35072E-01    0.17054E+05
    0.35781E-01    0.16722E+05
    0.36504E-01    0.16396E+05
    0.37241E-01    0.16078E+05
    0.37993E-01    0.15767E+05
    0.38761E-01    0.15464E+05
    0.39544E-01    0.15169E+05
    0.40343E-01    0.14884E+05
    0.41158E-01    0.14608E+05
    0.41989E-01    0.14343E+05
    0.42838E-01    0.14089E+05
    0.43703E-01    0.13846E+05
    0.44586E-01    0.13617E+05
    0.45486E-01    0.13399E+05
    0.46405E-01    0.13193E+05
    0.47343E-01    0.12997E+05
    0.48299E-01    0.12810E+05
    0.49275E-01    0.12630E+05
    0.50270E-01    0.12458E+05
    0.51286E-01    0.12292E+05
    0.52322E-01    0.12131E+05
    0.53379E-01    0.11974E+05
    0.54457E-01    0.11820E+05
    0.55557E-01    0.11667E+05
    0.56680E-01    0.11513E+05
    0.57825E-01    0.11357E+05
    0.58993E-01    0.11198E+05
    0.60184E-01    0.11033E+05
    0.61400E-01    0.10862E+05
    0.62641E-01    0.10683E+05
    0.63906E-01    0.10495E+05
    0.65197E-01    0.10297E+05
    0.66514E-01    0.10088E+05
    0.67858E-01    0.98684E+04
    0.69229E-01    0.96370E+04
    0.70627E-01    0.93949E+04
    0.72054E-01    0.91430E+04
    0.73510E-01    0.88825E+04
    0.74994E-01    0.86154E+04
    0.76509E-01    0.83437E+04
    0.78055E-01    0.80699E+04
    0.79632E-01    0.77965E+04
    0.81241E-01    0.75262E+04
    0.82882E-01    0.72617E+04
    0.84556E-01    0.70056E+04
    0.86264E-01    0.67603E+04
    0.88007E-01    0.65280E+04
    0.89785E-01    0.63108E+04
    0.91598E-01    0.61100E+04
    0.93449E-01    0.59265E+04
    0.95337E-01    0.57605E+04
    0.97263E-01    0.56122E+04
    0.99227E-01    0.54808E+04
    0.10123E+00    0.53645E+04
    0.10328E+00    0.52620E+04
    0.10536E+00    0.51708E+04
    0.10749E+00    0.50881E+04
    0.10966E+00    0.50109E+04
    0.11188E+00    0.49356E+04
    0.11414E+00    0.48581E+04
    0.11644E+00    0.47750E+04
    0.11880E+00    0.46829E+04
    0.12120E+00    0.45794E+04
    0.12365E+00    0.44635E+04
    0.12614E+00    0.43361E+04
    0.12869E+00    0.41989E+04
    0.13129E+00    0.40550E+04
    0.13394E+00    0.39077E+04
    0.13665E+00    0.37604E+04
    0.13941E+00    0.36161E+04
    0.14223E+00    0.34781E+04
    0.14510E+00    0.33498E+04
    0.14803E+00    0.32339E+04
    0.15102E+00    0.31324E+04
    0.15407E+00    0.30459E+04
    0.15718E+00    0.29731E+04
    0.16036E+00    0.29116E+04
    0.16360E+00    0.28578E+04
    0.16690E+00    0.28082E+04
    0.17028E+00    0.27594E+04
    0.17371E+00    0.27083E+04
    0.17722E+00    0.26519E+04
    0.18080E+00    0.25884E+04
    0.18446E+00    0.25172E+04
    0.18818E+00    0.24396E+04
    0.19198E+00    0.23583E+04
    0.19586E+00    0.22767E+04
    0.19982E+00    0.21978E+04
    0.20386E+00    0.21245E+04
    0.20797E+00    0.20588E+04
    0.21218E+00    0.20022E+04
    0.21646E+00    0.19541E+04
    0.22083E+00    0.19126E+04
    0.22530E+00    0.18748E+04
    0.22985E+00    0.18379E+04
    0.23449E+00    0.17995E+04
    0.23923E+00    0.17582E+04
    0.24406E+00    0.17133E+04
    0.24899E+00    0.16655E+04
    0.25402E+00    0.16166E+04
    0.25915E+00    0.15690E+04
    0.26439E+00    0.15246E+04
    0.26973E+00    0.14846E+04
    0.27518E+00    0.14491E+04
    0.28074E+00    0.14172E+04
    0.28641E+00    0.13875E+04
    0.29219E+00    0.13584E+04
    0.29810E+00    0.13285E+04
    0.30412E+00    0.12973E+04
    0.31026E+00    0.12651E+04
    0.31653E+00    0.12331E+04
    0.32292E+00    0.12024E+04
    0.32945E+00    0.11739E+04
    0.33610E+00    0.11476E+04
    0.34289E+00    0.11232E+04
    0.34982E+00    0.10998E+04
    0.35689E+00    0.10765E+04
    0.36409E+00    0.10531E+04
    0.37145E+00    0.10297E+04
    0.37895E+00    0.10066E+04
    0.38661E+00    0.98453E+03
    0.39442E+00    0.96349E+03
    0.40239E+00    0.94318E+03
    0.41052E+00    0.92356E+03
    0.41881E+00    0.90458E+03
    0.42727E+00    0.88619E+03
    0.43590E+00    0.86836E+03
    0.44471E+00    0.85104E+03
    0.45369E+00    0.83421E+03
    0.46286E+00    0.81782E+03
    0.47221E+00    0.80186E+03
    0.48174E+00    0.78629E+03
    0.49148E+00    0.77109E+03
    0.50141E+00    0.75625E+03
    0.51153E+00    0.74177E+03
    0.52187E+00    0.72764E+03
    0.53241E+00    0.71384E+03
    0.54317E+00    0.70038E+03
    0.55414E+00    0.68723E+03
    0.56533E+00    0.67439E+03
    0.57675E+00    0.66185E+03
    0.58840E+00    0.64961E+03
    0.60029E+00    0.63766E+03
    0.61242E+00    0.62597E+03
    0.62479E+00    0.61454E+03
    0.63741E+00    0.60335E+03
    0.65029E+00    0.59240E+03
    0.66342E+00    0.58167E+03
    0.67683E+00    0.57115E+03
    0.69050E+00    0.56084E+03
    0.70445E+00    0.55072E+03
    0.71868E+00    0.54078E+03
    0.73320E+00    0.53102E+03
    0.74801E+00    0.52143E+03
    0.76312E+00    0.51201E+03
    0.77854E+00    0.50274E+03
    0.79426E+00    0.49362E+03
    0.81031E+00    0.48465E+03
    0.82668E+00    0.47582E+03
    0.84338E+00    0.46713E+03
    0.86041E+00    0.45857E+03
    0.87780E+00    0.45013E+03
    0.89553E+00    0.44182E+03
    0.91362E+00    0.43362E+03
    0.93208E+00    0.42554E+03
    0.95091E+00    0.41757E+03
    0.97011E+00    0.40971E+03
    0.98971E+00    0.40195E+03
    0.10097E+01    0.39429E+03
    0.10301E+01    0.38673E+03
    0.10509E+01    0.37926E+03
    0.10721E+01    0.37189E+03
    0.10938E+01    0.36461E+03
    0.11159E+01    0.35741E+03
    0.11384E+01    0.35031E+03
    0.11614E+01    0.34328E+03
    0.11849E+01    0.33635E+03
    0.12088E+01    0.32949E+03
    0.12333E+01    0.32271E+03
    0.12582E+01    0.31602E+03
    0.12836E+01    0.30940E+03
    0.13095E+01    0.30287E+03
    0.13360E+01    0.29641E+03
    0.13630E+01    0.29002E+03
    0.13905E+01    0.28372E+03
    0.14186E+01    0.27748E+03
    0.14472E+01    0.27133E+03
    0.14765E+01    0.26525E+03
    0.15063E+01    0.25925E+03
    0.15367E+01    0.25332E+03
    0.15678E+01    0.24747E+03
    0.15994E+01    0.24169E+03
    0.16318E+01    0.23599E+03
    0.16647E+01    0.23036E+03
    0.16984E+01    0.22481E+03
    0.17327E+01    0.21933E+03
    0.17677E+01    0.21394E+03
    0.18034E+01    0.20862E+03
    0.18398E+01    0.20338E+03
    0.18770E+01    0.19821E+03
    0.19149E+01    0.19313E+03
    0.19536E+01    0.18812E+03
    0.19930E+01    0.18319E+03
    0.20333E+01    0.17834E+03
    0.20744E+01    0.17358E+03
    0.21163E+01    0.16889E+03
    0.21590E+01    0.16428E+03
    0.22026E+01    0.15976E+03
    0.22471E+01    0.15531E+03
    0.22925E+01    0.15095E+03
    0.23388E+01    0.14667E+03
    0.23861E+01    0.14248E+03
    0.24343E+01    0.13836E+03
    0.24835E+01    0.13433E+03
    0.25336E+01    0.13037E+03
    0.25848E+01    0.12650E+03
    0.26370E+01    0.12272E+03
    0.26903E+01    0.11901E+03
    0.27447E+01    0.11539E+03
    0.28001E+01    0.11185E+03
    0.28567E+01    0.10838E+03
    0.29144E+01    0.10500E+03
    0.29733E+01    0.10170E+03
    0.30333E+01    0.98478E+02
    0.30946E+01    0.95333E+02
    0.31571E+01    0.92267E+02
    0.32209E+01    0.89278E+02
    0.32860E+01    0.86365E+02
    0.33523E+01    0.83527E+02
    0.34201E+01    0.80764E+02
    0.34892E+01    0.78074E+02
    0.35596E+01    0.75457E+02
    0.36316E+01    0.72911E+02
    0.37049E+01    0.70435E+02
    0.37798E+01    0.68029E+02
    0.38561E+01    0.65691E+02
    0.39340E+01    0.63421E+02
    0.40135E+01    0.61215E+02
    0.40946E+01    0.59075E+02
    0.41773E+01    0.56998E+02
    0.42617E+01    0.54983E+02
    0.43478E+01    0.53029E+02
    0.44356E+01    0.51135E+02
    0.45252E+01    0.49299E+02
    0.46166E+01    0.47520E+02
    0.47099E+01    0.45797E+02
    0.48050E+01    0.44129E+02
    0.49021E+01    0.42514E+02
    0.50011E+01    0.40951E+02
    0.51021E+01    0.39439E+02
    0.52052E+01    0.37976E+02
    0.53104E+01    0.36562E+02
    0.54176E+01    0.35195E+02
    0.55271E+01    0.33873E+02
    0.56387E+01    0.32597E+02
    0.57526E+01    0.31363E+02
    0.58689E+01    0.30172E+02
    0.59874E+01    0.29022E+02
    0.61084E+01    0.27912E+02
    0.62318E+01    0.26840E+02
    0.63577E+01    0.25806E+02
    0.64861E+01    0.24809E+02
    0.66171E+01    0.23847E+02
    0.67508E+01    0.22919E+02
    0.68872E+01    0.22025E+02
    0.70263E+01    0.21163E+02
    0.71682E+01    0.20332E+02
    0.73130E+01    0.19532E+02
    0.74608E+01    0.18760E+02
    0.76115E+01    0.18018E+02
    0.77653E+01    0.17303E+02
    0.79221E+01    0.16614E+02
    0.80822E+01    0.15951E+02
    0.82454E+01    0.15313E+02
    0.84120E+01    0.14699E+02
    0.85819E+01    0.14108E+02
    0.87553E+01    0.13540E+02
    0.89322E+01    0.12993E+02
    0.91126E+01    0.12468E+02
    0.92967E+01    0.11962E+02
    0.94845E+01    0.11476E+02
    0.96761E+01    0.11009E+02
    0.98716E+01    0.10560E+02
    0.10071E+02    0.10128E+02
    0.10274E+02    0.97133E+01
    0.10482E+02    0.93148E+01
    0.10694E+02    0.89319E+01
    0.10910E+02    0.85642E+01
    0.11130E+02    0.82109E+01
    0.11355E+02    0.78717E+01
    0.11584E+02    0.75460E+01
    0.11818E+02    0.72332E+01
    0.12057E+02    0.69330E+01
    0.12301E+02    0.66448E+01
    0.12549E+02    0.63681E+01
    0.12803E+02    0.61026E+01
    0.13061E+02    0.58479E+01
    0.13325E+02    0.56034E+01
    0.13594E+02    0.53688E+01
    0.13869E+02    0.51438E+01
    0.14149E+02    0.49279E+01
    0.14435E+02    0.47208E+01
    0.14727E+02    0.45222E+01
    0.15024E+02    0.43317E+01
    0.15328E+02    0.41491E+01
    0.15637E+02    0.39739E+01
    0.15953E+02    0.38060E+01
    0.16275E+02    0.36450E+01
    0.16604E+02    0.34906E+01
    0.16940E+02    0.33427E+01
    0.17282E+02    0.32009E+01
    0.17631E+02    0.30649E+01
    0.17987E+02    0.29346E+01
    0.18351E+02    0.28098E+01
    0.18721E+02    0.26901E+01
    0.19099E+02    0.25755E+01
    0.19485E+02    0.24656E+01
    0.19879E+02    0.23604E+01
    0.20280E+02    0.22595E+01
    0.20690E+02    0.21629E+01
    0.21108E+02    0.20704E+01
    0.21535E+02    0.19817E+01
    0.21970E+02    0.18968E+01
    0.22413E+02    0.18155E+01
    0.22866E+02    0.17376E+01
    0.23328E+02    0.16629E+01
    0.23799E+02    0.15915E+01
    0.24280E+02    0.15231E+01
    0.24771E+02    0.14576E+01
    0.25271E+02    0.13948E+01
    0.25782E+02    0.13347E+01
    0.26302E+02    0.12772E+01
    0.26834E+02    0.12222E+01
    0.27376E+02    0.11694E+01
    0.27929E+02    0.11190E+01
    0.28493E+02    0.10706E+01
    0.29069E+02    0.10244E+01
    0.29656E+02    0.98011E+00
    0.30255E+02    0.93773E+00
    0.30866E+02    0.89716E+00
    0.31490E+02    0.85832E+00
    0.32126E+02    0.82115E+00
    0.32775E+02    0.78558E+00
    0.33437E+02    0.75153E+00
    0.34112E+02    0.71895E+00
    0.34801E+02    0.68777E+00
    0.35504E+02    0.65792E+00
    0.36222E+02    0.62937E+00
    0.36953E+02    0.60204E+00
    0.37700E+02    0.57589E+00
    0.38462E+02    0.55086E+00
    0.39239E+02    0.52692E+00
    0.40031E+02    0.50401E+00
    0.40840E+02    0.48209E+00
    0.41665E+02    0.46112E+00
    0.42507E+02    0.44105E+00
    0.43365E+02    0.42185E+00
    0.44241E+02    0.40348E+00
    0.45135E+02    0.38591E+00
    0.46047E+02    0.36909E+00
    0.46977E+02    0.35300E+00
    0.47926E+02    0.33761E+00
    0.48894E+02    0.32289E+00
    0.49882E+02    0.30880E+00
    0.50890E+02    0.29533E+00
    0.51918E+02    0.28244E+00
    0.52966E+02    0.27011E+00
    0.54036E+02    0.25832E+00
    0.55128E+02    0.24704E+00
    0.56242E+02    0.23626E+00
    0.57378E+02    0.22594E+00
