  0.983273E-05  0.201739E+08  0.201739E+08  0.268844E+08  0.268840E+08  0.000000E+00  0.201739E+08
  0.119576E-04  0.201739E+08  0.201739E+08  0.268776E+08  0.268770E+08  0.000000E+00  0.201739E+08
  0.145416E-04  0.201738E+08  0.201738E+08  0.268676E+08  0.268668E+08  0.000000E+00  0.201738E+08
  0.176840E-04  0.201738E+08  0.201738E+08  0.268528E+08  0.268515E+08  0.000000E+00  0.201738E+08
  0.215055E-04  0.201738E+08  0.201738E+08  0.268310E+08  0.268291E+08  0.000000E+00  0.201738E+08
  0.261528E-04  0.201737E+08  0.201737E+08  0.267987E+08  0.267958E+08  0.000000E+00  0.201737E+08
  0.318043E-04  0.201736E+08  0.201736E+08  0.267510E+08  0.267468E+08  0.000000E+00  0.201736E+08
  0.386772E-04  0.201735E+08  0.201734E+08  0.266806E+08  0.266744E+08  0.000000E+00  0.201735E+08
  0.470353E-04  0.201732E+08  0.201732E+08  0.265768E+08  0.265677E+08  0.000000E+00  0.201732E+08
  0.571995E-04  0.201729E+08  0.201729E+08  0.264240E+08  0.264105E+08  0.000000E+00  0.201729E+08
  0.695603E-04  0.201724E+08  0.201724E+08  0.261994E+08  0.261797E+08  0.000000E+00  0.201724E+08
  0.845921E-04  0.201717E+08  0.201717E+08  0.258706E+08  0.258416E+08  0.000000E+00  0.201717E+08
  0.102872E-03  0.201707E+08  0.201706E+08  0.253911E+08  0.253490E+08  0.000000E+00  0.201707E+08
  0.125103E-03  0.201692E+08  0.201691E+08  0.246970E+08  0.246360E+08  0.000000E+00  0.201692E+08
  0.152137E-03  0.201670E+08  0.201668E+08  0.237023E+08  0.236151E+08  0.000000E+00  0.201669E+08
  0.185014E-03  0.201637E+08  0.201634E+08  0.222986E+08  0.221759E+08  0.000000E+00  0.201636E+08
  0.224995E-03  0.201588E+08  0.201585E+08  0.203625E+08  0.201939E+08  0.000000E+00  0.201588E+08
  0.273616E-03  0.201518E+08  0.201513E+08  0.177825E+08  0.175595E+08  0.000000E+00  0.201517E+08
  0.332744E-03  0.201416E+08  0.201409E+08  0.145196E+08  0.142409E+08  0.000000E+00  0.201415E+08
  0.404650E-03  0.201268E+08  0.201259E+08  0.107121E+08  0.103936E+08  0.000000E+00  0.201267E+08
  0.492094E-03  0.201059E+08  0.201045E+08  0.679703E+07  0.648292E+07  0.000000E+00  0.201056E+08
  0.598435E-03  0.200764E+08  0.200746E+08  0.352082E+07  0.328320E+07  0.000000E+00  0.200761E+08
  0.727756E-03  0.200356E+08  0.200332E+08  0.159480E+07  0.149954E+07  0.000000E+00  0.200352E+08
  0.885022E-03  0.199802E+08  0.199772E+08  0.963316E+06  0.999306E+06  0.000000E+00  0.199797E+08
  0.107627E-02  0.199060E+08  0.199025E+08  0.635683E+06  0.698057E+06  0.000000E+00  0.199054E+08
  0.130886E-02  0.198080E+08  0.198041E+08  0.183505E+06  0.218310E+06  0.000000E+00  0.198073E+08
  0.159170E-02  0.196800E+08  0.196760E+08  0.869430E+05  0.000000E+00  0.000000E+00  0.196793E+08
  0.193566E-02  0.195148E+08  0.195108E+08 -0.456839E+05  0.000000E+00  0.000000E+00  0.195142E+08
  0.235395E-02  0.193040E+08  0.192999E+08 -0.256235E+05  0.000000E+00  0.000000E+00  0.193033E+08
  0.286264E-02  0.190380E+08  0.190336E+08 -0.232358E+05  0.000000E+00  0.000000E+00  0.190373E+08
  0.348125E-02  0.187068E+08  0.187018E+08 -0.363572E+05  0.000000E+00  0.000000E+00  0.187059E+08
  0.423354E-02  0.182994E+08  0.182939E+08 -0.260376E+05  0.000000E+00  0.000000E+00  0.182985E+08
  0.514840E-02  0.178049E+08  0.177984E+08 -0.208065E+05  0.000000E+00  0.000000E+00  0.178038E+08
  0.626096E-02  0.172120E+08  0.172041E+08 -0.160724E+05  0.000000E+00  0.000000E+00  0.172107E+08
  0.761395E-02  0.165097E+08  0.164998E+08 -0.101647E+05  0.000000E+00  0.000000E+00  0.165081E+08
  0.925931E-02  0.156893E+08  0.156767E+08  0.230615E+03  0.000000E+00  0.000000E+00  0.156872E+08
  0.112602E-01  0.147362E+08  0.147197E+08 -0.344126E+04  0.000000E+00  0.000000E+00  0.147334E+08
  0.136935E-01  0.136495E+08  0.136280E+08 -0.319562E+03  0.000000E+00  0.000000E+00  0.136459E+08
  0.166527E-01  0.124156E+08  0.123876E+08 -0.182727E+04  0.000000E+00  0.000000E+00  0.124109E+08
  0.202513E-01  0.110493E+08  0.110139E+08 -0.436350E+03  0.000000E+00  0.000000E+00  0.110434E+08
  0.243016E-01  0.967857E+07  0.963632E+07 -0.130691E+03  0.000000E+00  0.000000E+00  0.967156E+07
  0.283519E-01  0.848944E+07  0.844269E+07 -0.163911E+03  0.000000E+00  0.000000E+00  0.848168E+07
  0.324021E-01  0.748315E+07  0.743473E+07 -0.100553E+03  0.000000E+00  0.000000E+00  0.747511E+07
  0.364524E-01  0.665403E+07  0.660677E+07 -0.590670E+02  0.000000E+00  0.000000E+00  0.664618E+07
  0.405026E-01  0.598762E+07  0.594392E+07 -0.493128E+02  0.000000E+00  0.000000E+00  0.598037E+07
  0.445529E-01  0.545980E+07  0.542138E+07  0.000000E+00  0.000000E+00  0.000000E+00  0.545342E+07
  0.486032E-01  0.504880E+07  0.501649E+07  0.000000E+00  0.000000E+00  0.000000E+00  0.504343E+07
  0.526534E-01  0.471861E+07  0.469239E+07  0.000000E+00  0.000000E+00  0.000000E+00  0.471426E+07
  0.567037E-01  0.444161E+07  0.442072E+07  0.000000E+00  0.000000E+00  0.000000E+00  0.443814E+07
  0.607540E-01  0.419377E+07  0.417695E+07  0.000000E+00  0.000000E+00  0.000000E+00  0.419097E+07
  0.648042E-01  0.395892E+07  0.394467E+07  0.000000E+00  0.000000E+00  0.000000E+00  0.395655E+07
  0.688545E-01  0.372702E+07  0.371390E+07  0.000000E+00  0.000000E+00  0.000000E+00  0.372484E+07
  0.729048E-01  0.349461E+07  0.348141E+07  0.000000E+00  0.000000E+00  0.000000E+00  0.349242E+07
  0.769550E-01  0.326410E+07  0.325002E+07  0.000000E+00  0.000000E+00  0.000000E+00  0.326176E+07
  0.810053E-01  0.304138E+07  0.302611E+07  0.000000E+00  0.000000E+00  0.000000E+00  0.303885E+07
  0.850556E-01  0.283329E+07  0.281692E+07  0.000000E+00  0.000000E+00  0.000000E+00  0.283057E+07
  0.910998E-01  0.256237E+07  0.254523E+07  0.000000E+00  0.000000E+00  0.000000E+00  0.255952E+07
  0.971439E-01  0.234796E+07  0.233154E+07  0.000000E+00  0.000000E+00  0.000000E+00  0.234523E+07
  0.103188E+00  0.218760E+07  0.217318E+07  0.000000E+00  0.000000E+00  0.000000E+00  0.218521E+07
  0.109232E+00  0.206766E+07  0.205587E+07  0.000000E+00  0.000000E+00  0.000000E+00  0.206570E+07
  0.115277E+00  0.196960E+07  0.196028E+07  0.000000E+00  0.000000E+00  0.000000E+00  0.196805E+07
  0.121321E+00  0.187500E+07  0.186737E+07  0.000000E+00  0.000000E+00  0.000000E+00  0.187374E+07
  0.127365E+00  0.177208E+07  0.176511E+07  0.000000E+00  0.000000E+00  0.000000E+00  0.177093E+07
  0.133409E+00  0.166062E+07  0.165347E+07  0.000000E+00  0.000000E+00  0.000000E+00  0.165943E+07
  0.139453E+00  0.154783E+07  0.154006E+07  0.000000E+00  0.000000E+00  0.000000E+00  0.154654E+07
  0.145497E+00  0.144171E+07  0.143336E+07  0.000000E+00  0.000000E+00  0.000000E+00  0.144032E+07
  0.151542E+00  0.134941E+07  0.134088E+07  0.000000E+00  0.000000E+00  0.000000E+00  0.134800E+07
  0.157586E+00  0.127548E+07  0.126730E+07  0.000000E+00  0.000000E+00  0.000000E+00  0.127412E+07
  0.163630E+00  0.121856E+07  0.121118E+07  0.000000E+00  0.000000E+00  0.000000E+00  0.121733E+07
  0.169674E+00  0.117272E+07  0.116633E+07  0.000000E+00  0.000000E+00  0.000000E+00  0.117166E+07
  0.175718E+00  0.113158E+07  0.112609E+07  0.000000E+00  0.000000E+00  0.000000E+00  0.113067E+07
  0.181763E+00  0.109002E+07  0.108514E+07  0.000000E+00  0.000000E+00  0.000000E+00  0.108921E+07
  0.187807E+00  0.104492E+07  0.104029E+07  0.000000E+00  0.000000E+00  0.000000E+00  0.104415E+07
  0.193851E+00  0.996342E+06  0.991687E+06  0.000000E+00  0.000000E+00  0.000000E+00  0.995569E+06
  0.199895E+00  0.946984E+06  0.942148E+06  0.000000E+00  0.000000E+00  0.000000E+00  0.946181E+06
  0.205939E+00  0.900046E+06  0.895048E+06  0.000000E+00  0.000000E+00  0.000000E+00  0.899216E+06
  0.211984E+00  0.858171E+06  0.853153E+06  0.000000E+00  0.000000E+00  0.000000E+00  0.857338E+06
  0.218028E+00  0.822903E+06  0.818052E+06  0.000000E+00  0.000000E+00  0.000000E+00  0.822098E+06
  0.224072E+00  0.793877E+06  0.789348E+06  0.000000E+00  0.000000E+00  0.000000E+00  0.793125E+06
  0.230116E+00  0.769042E+06  0.764905E+06  0.000000E+00  0.000000E+00  0.000000E+00  0.768355E+06
  0.236160E+00  0.746030E+06  0.742260E+06  0.000000E+00  0.000000E+00  0.000000E+00  0.745404E+06
  0.242205E+00  0.723073E+06  0.719574E+06  0.000000E+00  0.000000E+00  0.000000E+00  0.722492E+06
  0.248249E+00  0.699134E+06  0.695781E+06  0.000000E+00  0.000000E+00  0.000000E+00  0.698577E+06
  0.254293E+00  0.674095E+06  0.670781E+06  0.000000E+00  0.000000E+00  0.000000E+00  0.673545E+06
  0.260337E+00  0.648808E+06  0.645475E+06  0.000000E+00  0.000000E+00  0.000000E+00  0.648254E+06
  0.266381E+00  0.624529E+06  0.621177E+06  0.000000E+00  0.000000E+00  0.000000E+00  0.623972E+06
  0.272425E+00  0.602237E+06  0.598908E+06  0.000000E+00  0.000000E+00  0.000000E+00  0.601684E+06
  0.278470E+00  0.582383E+06  0.579141E+06  0.000000E+00  0.000000E+00  0.000000E+00  0.581844E+06
  0.284514E+00  0.564900E+06  0.561800E+06  0.000000E+00  0.000000E+00  0.000000E+00  0.564385E+06
  0.290558E+00  0.549249E+06  0.546318E+06  0.000000E+00  0.000000E+00  0.000000E+00  0.548762E+06
  0.296602E+00  0.534628E+06  0.531863E+06  0.000000E+00  0.000000E+00  0.000000E+00  0.534169E+06
  0.302646E+00  0.520319E+06  0.517687E+06  0.000000E+00  0.000000E+00  0.000000E+00  0.519882E+06
  0.308691E+00  0.505898E+06  0.503358E+06  0.000000E+00  0.000000E+00  0.000000E+00  0.505476E+06
  0.314735E+00  0.491279E+06  0.488791E+06  0.000000E+00  0.000000E+00  0.000000E+00  0.490866E+06
  0.320779E+00  0.476687E+06  0.474226E+06  0.000000E+00  0.000000E+00  0.000000E+00  0.476279E+06
  0.326823E+00  0.462538E+06  0.460099E+06  0.000000E+00  0.000000E+00  0.000000E+00  0.462133E+06
  0.332867E+00  0.449201E+06  0.446795E+06  0.000000E+00  0.000000E+00  0.000000E+00  0.448802E+06
  0.338912E+00  0.436850E+06  0.434497E+06  0.000000E+00  0.000000E+00  0.000000E+00  0.436460E+06
  0.344956E+00  0.425491E+06  0.423209E+06  0.000000E+00  0.000000E+00  0.000000E+00  0.425112E+06
  0.351000E+00  0.414987E+06  0.412788E+06  0.000000E+00  0.000000E+00  0.000000E+00  0.414622E+06
  0.357044E+00  0.405067E+06  0.402951E+06  0.000000E+00  0.000000E+00  0.000000E+00  0.404716E+06
  0.363088E+00  0.395445E+06  0.393402E+06  0.000000E+00  0.000000E+00  0.000000E+00  0.395105E+06
  0.369133E+00  0.385961E+06  0.383977E+06  0.000000E+00  0.000000E+00  0.000000E+00  0.385632E+06
  0.375177E+00  0.376574E+06  0.374635E+06  0.000000E+00  0.000000E+00  0.000000E+00  0.376252E+06
  0.381221E+00  0.367310E+06  0.365405E+06  0.000000E+00  0.000000E+00  0.000000E+00  0.366994E+06
  0.387265E+00  0.358275E+06  0.356399E+06  0.000000E+00  0.000000E+00  0.000000E+00  0.357963E+06
  0.393309E+00  0.349604E+06  0.347759E+06  0.000000E+00  0.000000E+00  0.000000E+00  0.349298E+06
  0.394635E+00  0.347762E+06  0.345925E+06  0.000000E+00  0.000000E+00  0.000000E+00  0.347457E+06
  0.482008E+00  0.255759E+06  0.254422E+06  0.000000E+00  0.000000E+00  0.000000E+00  0.255537E+06
  0.588726E+00  0.186851E+06  0.185873E+06  0.000000E+00  0.000000E+00  0.000000E+00  0.186689E+06
  0.719072E+00  0.135801E+06  0.135092E+06  0.000000E+00  0.000000E+00  0.000000E+00  0.135684E+06
  0.878277E+00  0.982168E+05  0.977034E+05  0.000000E+00  0.000000E+00  0.000000E+00  0.981316E+05
  0.107273E+01  0.707250E+05  0.703553E+05  0.000000E+00  0.000000E+00  0.000000E+00  0.706636E+05
  0.131023E+01  0.507260E+05  0.504608E+05  0.000000E+00  0.000000E+00  0.000000E+00  0.506819E+05
  0.160032E+01  0.362498E+05  0.360602E+05  0.000000E+00  0.000000E+00  0.000000E+00  0.362183E+05
  0.195464E+01  0.258189E+05  0.256837E+05  0.000000E+00  0.000000E+00  0.000000E+00  0.257964E+05
  0.238740E+01  0.183334E+05  0.182373E+05  0.000000E+00  0.000000E+00  0.000000E+00  0.183174E+05
  0.291598E+01  0.129819E+05  0.129136E+05  0.000000E+00  0.000000E+00  0.000000E+00  0.129705E+05
  0.356159E+01  0.916890E+04  0.912054E+04  0.000000E+00  0.000000E+00  0.000000E+00  0.916087E+04
  0.435013E+01  0.646049E+04  0.642624E+04  0.000000E+00  0.000000E+00  0.000000E+00  0.645480E+04
  0.531326E+01  0.454219E+04  0.451792E+04  0.000000E+00  0.000000E+00  0.000000E+00  0.453816E+04
  0.648964E+01  0.318702E+04  0.316979E+04  0.000000E+00  0.000000E+00  0.000000E+00  0.318416E+04
  0.792646E+01  0.223197E+04  0.221970E+04  0.000000E+00  0.000000E+00  0.000000E+00  0.222993E+04
  0.968140E+01  0.156039E+04  0.155159E+04  0.000000E+00  0.000000E+00  0.000000E+00  0.155893E+04
  0.118249E+02  0.108910E+04  0.108273E+04  0.000000E+00  0.000000E+00  0.000000E+00  0.108805E+04
  0.144429E+02  0.758996E+03  0.754323E+03  0.000000E+00  0.000000E+00  0.000000E+00  0.758220E+03
  0.176407E+02  0.528183E+03  0.524685E+03  0.000000E+00  0.000000E+00  0.000000E+00  0.527602E+03
  0.215464E+02  0.367059E+03  0.364374E+03  0.000000E+00  0.000000E+00  0.000000E+00  0.366613E+03
  0.263168E+02  0.254752E+03  0.252626E+03  0.000000E+00  0.000000E+00  0.000000E+00  0.254399E+03
  0.321434E+02  0.176582E+03  0.174838E+03  0.000000E+00  0.000000E+00  0.000000E+00  0.176292E+03
  0.392600E+02  0.122244E+03  0.120757E+03  0.000000E+00  0.000000E+00  0.000000E+00  0.121997E+03
  0.479523E+02  0.845183E+02  0.832029E+02  0.000000E+00  0.000000E+00  0.000000E+00  0.842999E+02
  0.585691E+02  0.583562E+02  0.571535E+02  0.000000E+00  0.000000E+00  0.000000E+00  0.581565E+02
