    0.10000E-03    0.56863E+03
    0.10202E-03    0.57974E+03
    0.10408E-03    0.59107E+03
    0.10618E-03    0.60261E+03
    0.10833E-03    0.61439E+03
    0.11052E-03    0.62639E+03
    0.11275E-03    0.63862E+03
    0.11503E-03    0.65110E+03
    0.11735E-03    0.66381E+03
    0.11972E-03    0.67678E+03
    0.12214E-03    0.69000E+03
    0.12461E-03    0.70347E+03
    0.12712E-03    0.71721E+03
    0.12969E-03    0.73122E+03
    0.13231E-03    0.74550E+03
    0.13499E-03    0.76005E+03
    0.13771E-03    0.77489E+03
    0.14049E-03    0.79002E+03
    0.14333E-03    0.80545E+03
    0.14623E-03    0.82117E+03
    0.14918E-03    0.83721E+03
    0.15220E-03    0.85355E+03
    0.15527E-03    0.87021E+03
    0.15841E-03    0.88720E+03
    0.16161E-03    0.90451E+03
    0.16487E-03    0.92216E+03
    0.16820E-03    0.94016E+03
    0.17160E-03    0.95851E+03
    0.17507E-03    0.97721E+03
    0.17860E-03    0.99628E+03
    0.18221E-03    0.10157E+04
    0.18589E-03    0.10355E+04
    0.18965E-03    0.10557E+04
    0.19348E-03    0.10763E+04
    0.19739E-03    0.10973E+04
    0.20138E-03    0.11187E+04
    0.20544E-03    0.11405E+04
    0.20959E-03    0.11628E+04
    0.21383E-03    0.11854E+04
    0.21815E-03    0.12085E+04
    0.22255E-03    0.12321E+04
    0.22705E-03    0.12561E+04
    0.23164E-03    0.12806E+04
    0.23632E-03    0.13055E+04
    0.24109E-03    0.13310E+04
    0.24596E-03    0.13569E+04
    0.25093E-03    0.13833E+04
    0.25600E-03    0.14102E+04
    0.26117E-03    0.14377E+04
    0.26645E-03    0.14657E+04
    0.27183E-03    0.14942E+04
    0.27732E-03    0.15233E+04
    0.28292E-03    0.15529E+04
    0.28864E-03    0.15831E+04
    0.29447E-03    0.16139E+04
    0.30042E-03    0.16453E+04
    0.30649E-03    0.16773E+04
    0.31268E-03    0.17099E+04
    0.31899E-03    0.17431E+04
    0.32544E-03    0.17770E+04
    0.33201E-03    0.18115E+04
    0.33872E-03    0.18467E+04
    0.34556E-03    0.18826E+04
    0.35254E-03    0.19191E+04
    0.35966E-03    0.19563E+04
    0.36693E-03    0.19943E+04
    0.37434E-03    0.20330E+04
    0.38190E-03    0.20724E+04
    0.38962E-03    0.21126E+04
    0.39749E-03    0.21535E+04
    0.40552E-03    0.21952E+04
    0.41371E-03    0.22377E+04
    0.42207E-03    0.22810E+04
    0.43060E-03    0.23252E+04
    0.43929E-03    0.23701E+04
    0.44817E-03    0.24159E+04
    0.45722E-03    0.24626E+04
    0.46646E-03    0.25102E+04
    0.47588E-03    0.25587E+04
    0.48550E-03    0.26081E+04
    0.49530E-03    0.26584E+04
    0.50531E-03    0.27096E+04
    0.51552E-03    0.27619E+04
    0.52593E-03    0.28151E+04
    0.53656E-03    0.28693E+04
    0.54739E-03    0.29245E+04
    0.55845E-03    0.29807E+04
    0.56973E-03    0.30380E+04
    0.58124E-03    0.30964E+04
    0.59299E-03    0.31559E+04
    0.60496E-03    0.32164E+04
    0.61719E-03    0.32781E+04
    0.62965E-03    0.33409E+04
    0.64237E-03    0.34049E+04
    0.65535E-03    0.34700E+04
    0.66859E-03    0.35364E+04
    0.68210E-03    0.36040E+04
    0.69588E-03    0.36728E+04
    0.70993E-03    0.37429E+04
    0.72427E-03    0.38142E+04
    0.73891E-03    0.38869E+04
    0.75383E-03    0.39609E+04
    0.76906E-03    0.40362E+04
    0.78460E-03    0.41129E+04
    0.80045E-03    0.41910E+04
    0.81662E-03    0.42705E+04
    0.83311E-03    0.43514E+04
    0.84994E-03    0.44337E+04
    0.86711E-03    0.45176E+04
    0.88463E-03    0.46029E+04
    0.90250E-03    0.46898E+04
    0.92073E-03    0.47782E+04
    0.93933E-03    0.48681E+04
    0.95831E-03    0.49597E+04
    0.97767E-03    0.50528E+04
    0.99742E-03    0.51476E+04
    0.10176E-02    0.52441E+04
    0.10381E-02    0.53422E+04
    0.10591E-02    0.54421E+04
    0.10805E-02    0.55436E+04
    0.11023E-02    0.56470E+04
    0.11246E-02    0.57521E+04
    0.11473E-02    0.58590E+04
    0.11705E-02    0.59677E+04
    0.11941E-02    0.60783E+04
    0.12182E-02    0.61907E+04
    0.12429E-02    0.63050E+04
    0.12680E-02    0.64213E+04
    0.12936E-02    0.65395E+04
    0.13197E-02    0.66596E+04
    0.13464E-02    0.67818E+04
    0.13736E-02    0.69059E+04
    0.14013E-02    0.70321E+04
    0.14296E-02    0.71604E+04
    0.14585E-02    0.72907E+04
    0.14880E-02    0.74231E+04
    0.15180E-02    0.75577E+04
    0.15487E-02    0.76944E+04
    0.15800E-02    0.78332E+04
    0.16119E-02    0.79743E+04
    0.16445E-02    0.81175E+04
    0.16777E-02    0.82630E+04
    0.17116E-02    0.84107E+04
    0.17462E-02    0.85607E+04
    0.17814E-02    0.87130E+04
    0.18174E-02    0.88675E+04
    0.18541E-02    0.90244E+04
    0.18916E-02    0.91836E+04
    0.19298E-02    0.93451E+04
    0.19688E-02    0.95090E+04
    0.20086E-02    0.96753E+04
    0.20491E-02    0.98440E+04
    0.20905E-02    0.10015E+05
    0.21328E-02    0.10189E+05
    0.21758E-02    0.10364E+05
    0.22198E-02    0.10543E+05
    0.22646E-02    0.10724E+05
    0.23104E-02    0.10907E+05
    0.23571E-02    0.11092E+05
    0.24047E-02    0.11281E+05
    0.24533E-02    0.11471E+05
    0.25028E-02    0.11664E+05
    0.25534E-02    0.11860E+05
    0.26050E-02    0.12058E+05
    0.26576E-02    0.12258E+05
    0.27113E-02    0.12461E+05
    0.27660E-02    0.12666E+05
    0.28219E-02    0.12874E+05
    0.28789E-02    0.13084E+05
    0.29371E-02    0.13296E+05
    0.29964E-02    0.13511E+05
    0.30569E-02    0.13727E+05
    0.31187E-02    0.13947E+05
    0.31817E-02    0.14169E+05
    0.32460E-02    0.14393E+05
    0.33115E-02    0.14619E+05
    0.33784E-02    0.14848E+05
    0.34467E-02    0.15080E+05
    0.35163E-02    0.15314E+05
    0.35874E-02    0.15550E+05
    0.36598E-02    0.15789E+05
    0.37338E-02    0.16030E+05
    0.38092E-02    0.16272E+05
    0.38861E-02    0.16517E+05
    0.39646E-02    0.16762E+05
    0.40447E-02    0.17009E+05
    0.41264E-02    0.17256E+05
    0.42098E-02    0.17504E+05
    0.42948E-02    0.17752E+05
    0.43816E-02    0.18001E+05
    0.44701E-02    0.18250E+05
    0.45604E-02    0.18499E+05
    0.46525E-02    0.18749E+05
    0.47465E-02    0.19001E+05
    0.48424E-02    0.19253E+05
    0.49402E-02    0.19506E+05
    0.50400E-02    0.19762E+05
    0.51419E-02    0.20018E+05
    0.52457E-02    0.20277E+05
    0.53517E-02    0.20538E+05
    0.54598E-02    0.20800E+05
    0.55701E-02    0.21063E+05
    0.56826E-02    0.21327E+05
    0.57974E-02    0.21592E+05
    0.59145E-02    0.21857E+05
    0.60340E-02    0.22121E+05
    0.61559E-02    0.22386E+05
    0.62803E-02    0.22650E+05
    0.64072E-02    0.22912E+05
    0.65366E-02    0.23174E+05
    0.66686E-02    0.23434E+05
    0.68033E-02    0.23692E+05
    0.69408E-02    0.23949E+05
    0.70810E-02    0.24205E+05
    0.72240E-02    0.24458E+05
    0.73700E-02    0.24710E+05
    0.75189E-02    0.24959E+05
    0.76708E-02    0.25207E+05
    0.78257E-02    0.25452E+05
    0.79838E-02    0.25694E+05
    0.81451E-02    0.25934E+05
    0.83096E-02    0.26170E+05
    0.84775E-02    0.26403E+05
    0.86488E-02    0.26631E+05
    0.88235E-02    0.26856E+05
    0.90017E-02    0.27076E+05
    0.91836E-02    0.27291E+05
    0.93691E-02    0.27501E+05
    0.95583E-02    0.27706E+05
    0.97514E-02    0.27905E+05
    0.99484E-02    0.28097E+05
    0.10149E-01    0.28284E+05
    0.10354E-01    0.28465E+05
    0.10564E-01    0.28638E+05
    0.10777E-01    0.28805E+05
    0.10995E-01    0.28966E+05
    0.11217E-01    0.29119E+05
    0.11443E-01    0.29264E+05
    0.11675E-01    0.29402E+05
    0.11910E-01    0.29532E+05
    0.12151E-01    0.29652E+05
    0.12397E-01    0.29764E+05
    0.12647E-01    0.29866E+05
    0.12902E-01    0.29959E+05
    0.13163E-01    0.30040E+05
    0.13429E-01    0.30111E+05
    0.13700E-01    0.30170E+05
    0.13977E-01    0.30218E+05
    0.14259E-01    0.30254E+05
    0.14547E-01    0.30277E+05
    0.14841E-01    0.30288E+05
    0.15141E-01    0.30287E+05
    0.15447E-01    0.30273E+05
    0.15759E-01    0.30245E+05
    0.16077E-01    0.30205E+05
    0.16402E-01    0.30152E+05
    0.16734E-01    0.30085E+05
    0.17072E-01    0.30005E+05
    0.17416E-01    0.29911E+05
    0.17768E-01    0.29803E+05
    0.18127E-01    0.29681E+05
    0.18493E-01    0.29545E+05
    0.18867E-01    0.29394E+05
    0.19248E-01    0.29229E+05
    0.19637E-01    0.29049E+05
    0.20034E-01    0.28854E+05
    0.20438E-01    0.28644E+05
    0.20851E-01    0.28419E+05
    0.21272E-01    0.28180E+05
    0.21702E-01    0.27927E+05
    0.22141E-01    0.27659E+05
    0.22588E-01    0.27379E+05
    0.23044E-01    0.27085E+05
    0.23510E-01    0.26778E+05
    0.23985E-01    0.26459E+05
    0.24469E-01    0.26127E+05
    0.24964E-01    0.25785E+05
    0.25468E-01    0.25432E+05
    0.25982E-01    0.25069E+05
    0.26507E-01    0.24696E+05
    0.27043E-01    0.24316E+05
    0.27589E-01    0.23928E+05
    0.28146E-01    0.23533E+05
    0.28715E-01    0.23132E+05
    0.29295E-01    0.22726E+05
    0.29887E-01    0.22317E+05
    0.30490E-01    0.21904E+05
    0.31106E-01    0.21490E+05
    0.31735E-01    0.21075E+05
    0.32376E-01    0.20661E+05
    0.33030E-01    0.20248E+05
    0.33697E-01    0.19838E+05
    0.34378E-01    0.19431E+05
    0.35072E-01    0.19030E+05
    0.35781E-01    0.18635E+05
    0.36504E-01    0.18247E+05
    0.37241E-01    0.17867E+05
    0.37993E-01    0.17497E+05
    0.38761E-01    0.17135E+05
    0.39544E-01    0.16784E+05
    0.40343E-01    0.16443E+05
    0.41158E-01    0.16113E+05
    0.41989E-01    0.15795E+05
    0.42838E-01    0.15489E+05
    0.43703E-01    0.15198E+05
    0.44586E-01    0.14922E+05
    0.45486E-01    0.14661E+05
    0.46405E-01    0.14415E+05
    0.47343E-01    0.14182E+05
    0.48299E-01    0.13961E+05
    0.49275E-01    0.13750E+05
    0.50270E-01    0.13550E+05
    0.51286E-01    0.13359E+05
    0.52322E-01    0.13176E+05
    0.53379E-01    0.13000E+05
    0.54457E-01    0.12830E+05
    0.55557E-01    0.12664E+05
    0.56680E-01    0.12499E+05
    0.57825E-01    0.12335E+05
    0.58993E-01    0.12170E+05
    0.60184E-01    0.12001E+05
    0.61400E-01    0.11827E+05
    0.62641E-01    0.11646E+05
    0.63906E-01    0.11457E+05
    0.65197E-01    0.11258E+05
    0.66514E-01    0.11048E+05
    0.67858E-01    0.10826E+05
    0.69229E-01    0.10591E+05
    0.70627E-01    0.10343E+05
    0.72054E-01    0.10083E+05
    0.73510E-01    0.98110E+04
    0.74994E-01    0.95287E+04
    0.76509E-01    0.92382E+04
    0.78055E-01    0.89416E+04
    0.79632E-01    0.86416E+04
    0.81241E-01    0.83412E+04
    0.82882E-01    0.80432E+04
    0.84556E-01    0.77509E+04
    0.86264E-01    0.74670E+04
    0.88007E-01    0.71946E+04
    0.89785E-01    0.69363E+04
    0.91598E-01    0.66946E+04
    0.93449E-01    0.64712E+04
    0.95337E-01    0.62670E+04
    0.97263E-01    0.60829E+04
    0.99227E-01    0.59192E+04
    0.10123E+00    0.57747E+04
    0.10328E+00    0.56482E+04
    0.10536E+00    0.55381E+04
    0.10749E+00    0.54417E+04
    0.10966E+00    0.53561E+04
    0.11188E+00    0.52780E+04
    0.11414E+00    0.52032E+04
    0.11644E+00    0.51274E+04
    0.11880E+00    0.50464E+04
    0.12120E+00    0.49561E+04
    0.12365E+00    0.48532E+04
    0.12614E+00    0.47366E+04
    0.12869E+00    0.46062E+04
    0.13129E+00    0.44638E+04
    0.13394E+00    0.43124E+04
    0.13665E+00    0.41554E+04
    0.13941E+00    0.39967E+04
    0.14223E+00    0.38398E+04
    0.14510E+00    0.36887E+04
    0.14803E+00    0.35471E+04
    0.15102E+00    0.34186E+04
    0.15407E+00    0.33060E+04
    0.15718E+00    0.32099E+04
    0.16036E+00    0.31301E+04
    0.16360E+00    0.30636E+04
    0.16690E+00    0.30073E+04
    0.17028E+00    0.29570E+04
    0.17371E+00    0.29090E+04
    0.17722E+00    0.28595E+04
    0.18080E+00    0.28049E+04
    0.18446E+00    0.27424E+04
    0.18818E+00    0.26710E+04
    0.19198E+00    0.25913E+04
    0.19586E+00    0.25061E+04
    0.19982E+00    0.24190E+04
    0.20386E+00    0.23336E+04
    0.20797E+00    0.22534E+04
    0.21218E+00    0.21810E+04
    0.21646E+00    0.21186E+04
    0.22083E+00    0.20661E+04
    0.22530E+00    0.20219E+04
    0.22985E+00    0.19829E+04
    0.23449E+00    0.19459E+04
    0.23923E+00    0.19080E+04
    0.24406E+00    0.18670E+04
    0.24899E+00    0.18218E+04
    0.25402E+00    0.17726E+04
    0.25915E+00    0.17211E+04
    0.26439E+00    0.16701E+04
    0.26973E+00    0.16221E+04
    0.27518E+00    0.15785E+04
    0.28074E+00    0.15401E+04
    0.28641E+00    0.15062E+04
    0.29219E+00    0.14754E+04
    0.29810E+00    0.14458E+04
    0.30412E+00    0.14155E+04
    0.31026E+00    0.13836E+04
    0.31653E+00    0.13503E+04
    0.32292E+00    0.13165E+04
    0.32945E+00    0.12837E+04
    0.33610E+00    0.12531E+04
    0.34289E+00    0.12249E+04
    0.34982E+00    0.11991E+04
    0.35689E+00    0.11747E+04
    0.36409E+00    0.11506E+04
    0.37145E+00    0.11264E+04
    0.37895E+00    0.11019E+04
    0.38661E+00    0.10775E+04
    0.39442E+00    0.10539E+04
    0.40239E+00    0.10314E+04
    0.41052E+00    0.10098E+04
    0.41881E+00    0.98895E+03
    0.42727E+00    0.96884E+03
    0.43590E+00    0.94940E+03
    0.44471E+00    0.93057E+03
    0.45369E+00    0.91230E+03
    0.46286E+00    0.89453E+03
    0.47221E+00    0.87722E+03
    0.48174E+00    0.86031E+03
    0.49148E+00    0.84378E+03
    0.50141E+00    0.82761E+03
    0.51153E+00    0.81180E+03
    0.52187E+00    0.79633E+03
    0.53241E+00    0.78121E+03
    0.54317E+00    0.76642E+03
    0.55414E+00    0.75196E+03
    0.56533E+00    0.73782E+03
    0.57675E+00    0.72400E+03
    0.58840E+00    0.71050E+03
    0.60029E+00    0.69730E+03
    0.61242E+00    0.68439E+03
    0.62479E+00    0.67176E+03
    0.63741E+00    0.65939E+03
    0.65029E+00    0.64727E+03
    0.66342E+00    0.63539E+03
    0.67683E+00    0.62374E+03
    0.69050E+00    0.61231E+03
    0.70445E+00    0.60108E+03
    0.71868E+00    0.59005E+03
    0.73320E+00    0.57921E+03
    0.74801E+00    0.56855E+03
    0.76312E+00    0.55806E+03
    0.77854E+00    0.54774E+03
    0.79426E+00    0.53758E+03
    0.81031E+00    0.52758E+03
    0.82668E+00    0.51773E+03
    0.84338E+00    0.50803E+03
    0.86041E+00    0.49847E+03
    0.87780E+00    0.48905E+03
    0.89553E+00    0.47976E+03
    0.91362E+00    0.47060E+03
    0.93208E+00    0.46156E+03
    0.95091E+00    0.45265E+03
    0.97011E+00    0.44385E+03
    0.98971E+00    0.43517E+03
    0.10097E+01    0.42661E+03
    0.10301E+01    0.41815E+03
    0.10509E+01    0.40980E+03
    0.10721E+01    0.40155E+03
    0.10938E+01    0.39341E+03
    0.11159E+01    0.38536E+03
    0.11384E+01    0.37742E+03
    0.11614E+01    0.36957E+03
    0.11849E+01    0.36182E+03
    0.12088E+01    0.35416E+03
    0.12333E+01    0.34660E+03
    0.12582E+01    0.33913E+03
    0.12836E+01    0.33175E+03
    0.13095E+01    0.32447E+03
    0.13360E+01    0.31727E+03
    0.13630E+01    0.31016E+03
    0.13905E+01    0.30315E+03
    0.14186E+01    0.29622E+03
    0.14472E+01    0.28939E+03
    0.14765E+01    0.28264E+03
    0.15063E+01    0.27599E+03
    0.15367E+01    0.26942E+03
    0.15678E+01    0.26295E+03
    0.15994E+01    0.25656E+03
    0.16318E+01    0.25026E+03
    0.16647E+01    0.24406E+03
    0.16984E+01    0.23794E+03
    0.17327E+01    0.23192E+03
    0.17677E+01    0.22599E+03
    0.18034E+01    0.22015E+03
    0.18398E+01    0.21441E+03
    0.18770E+01    0.20875E+03
    0.19149E+01    0.20319E+03
    0.19536E+01    0.19773E+03
    0.19930E+01    0.19235E+03
    0.20333E+01    0.18707E+03
    0.20744E+01    0.18189E+03
    0.21163E+01    0.17680E+03
    0.21590E+01    0.17181E+03
    0.22026E+01    0.16691E+03
    0.22471E+01    0.16210E+03
    0.22925E+01    0.15740E+03
    0.23388E+01    0.15278E+03
    0.23861E+01    0.14827E+03
    0.24343E+01    0.14384E+03
    0.24835E+01    0.13952E+03
    0.25336E+01    0.13528E+03
    0.25848E+01    0.13114E+03
    0.26370E+01    0.12710E+03
    0.26903E+01    0.12314E+03
    0.27447E+01    0.11928E+03
    0.28001E+01    0.11552E+03
    0.28567E+01    0.11184E+03
    0.29144E+01    0.10825E+03
    0.29733E+01    0.10476E+03
    0.30333E+01    0.10135E+03
    0.30946E+01    0.98026E+02
    0.31571E+01    0.94792E+02
    0.32209E+01    0.91643E+02
    0.32860E+01    0.88579E+02
    0.33523E+01    0.85598E+02
    0.34201E+01    0.82699E+02
    0.34892E+01    0.79881E+02
    0.35596E+01    0.77142E+02
    0.36316E+01    0.74481E+02
    0.37049E+01    0.71898E+02
    0.37798E+01    0.69389E+02
    0.38561E+01    0.66954E+02
    0.39340E+01    0.64592E+02
    0.40135E+01    0.62302E+02
    0.40946E+01    0.60081E+02
    0.41773E+01    0.57928E+02
    0.42617E+01    0.55841E+02
    0.43478E+01    0.53821E+02
    0.44356E+01    0.51863E+02
    0.45252E+01    0.49969E+02
    0.46166E+01    0.48135E+02
    0.47099E+01    0.46361E+02
    0.48050E+01    0.44644E+02
    0.49021E+01    0.42984E+02
    0.50011E+01    0.41379E+02
    0.51021E+01    0.39828E+02
    0.52052E+01    0.38329E+02
    0.53104E+01    0.36881E+02
    0.54176E+01    0.35482E+02
    0.55271E+01    0.34131E+02
    0.56387E+01    0.32827E+02
    0.57526E+01    0.31568E+02
    0.58689E+01    0.30354E+02
    0.59874E+01    0.29182E+02
    0.61084E+01    0.28052E+02
    0.62318E+01    0.26962E+02
    0.63577E+01    0.25911E+02
    0.64861E+01    0.24898E+02
    0.66171E+01    0.23922E+02
    0.67508E+01    0.22981E+02
    0.68872E+01    0.22075E+02
    0.70263E+01    0.21202E+02
    0.71682E+01    0.20361E+02
    0.73130E+01    0.19552E+02
    0.74608E+01    0.18772E+02
    0.76115E+01    0.18022E+02
    0.77653E+01    0.17300E+02
    0.79221E+01    0.16606E+02
    0.80822E+01    0.15937E+02
    0.82454E+01    0.15294E+02
    0.84120E+01    0.14676E+02
    0.85819E+01    0.14082E+02
    0.87553E+01    0.13510E+02
    0.89322E+01    0.12960E+02
    0.91126E+01    0.12432E+02
    0.92967E+01    0.11924E+02
    0.94845E+01    0.11436E+02
    0.96761E+01    0.10967E+02
    0.98716E+01    0.10517E+02
    0.10071E+02    0.10084E+02
    0.10274E+02    0.96685E+01
    0.10482E+02    0.92693E+01
    0.10694E+02    0.88860E+01
    0.10910E+02    0.85180E+01
    0.11130E+02    0.81646E+01
    0.11355E+02    0.78254E+01
    0.11584E+02    0.74998E+01
    0.11818E+02    0.71873E+01
    0.12057E+02    0.68874E+01
    0.12301E+02    0.65996E+01
    0.12549E+02    0.63235E+01
    0.12803E+02    0.60586E+01
    0.13061E+02    0.58045E+01
    0.13325E+02    0.55607E+01
    0.13594E+02    0.53269E+01
    0.13869E+02    0.51027E+01
    0.14149E+02    0.48876E+01
    0.14435E+02    0.46814E+01
    0.14727E+02    0.44837E+01
    0.15024E+02    0.42941E+01
    0.15328E+02    0.41123E+01
    0.15637E+02    0.39381E+01
    0.15953E+02    0.37711E+01
    0.16275E+02    0.36110E+01
    0.16604E+02    0.34576E+01
    0.16940E+02    0.33105E+01
    0.17282E+02    0.31696E+01
    0.17631E+02    0.30346E+01
    0.17987E+02    0.29052E+01
    0.18351E+02    0.27812E+01
    0.18721E+02    0.26624E+01
    0.19099E+02    0.25487E+01
    0.19485E+02    0.24396E+01
    0.19879E+02    0.23352E+01
    0.20280E+02    0.22352E+01
    0.20690E+02    0.21394E+01
    0.21108E+02    0.20476E+01
    0.21535E+02    0.19597E+01
    0.21970E+02    0.18756E+01
    0.22413E+02    0.17950E+01
    0.22866E+02    0.17178E+01
    0.23328E+02    0.16439E+01
    0.23799E+02    0.15731E+01
    0.24280E+02    0.15053E+01
    0.24771E+02    0.14404E+01
    0.25271E+02    0.13783E+01
    0.25782E+02    0.13189E+01
    0.26302E+02    0.12619E+01
    0.26834E+02    0.12074E+01
    0.27376E+02    0.11553E+01
    0.27929E+02    0.11053E+01
    0.28493E+02    0.10575E+01
    0.29069E+02    0.10117E+01
    0.29656E+02    0.96794E+00
    0.30255E+02    0.92603E+00
    0.30866E+02    0.88590E+00
    0.31490E+02    0.84751E+00
    0.32126E+02    0.81076E+00
    0.32775E+02    0.77559E+00
    0.33437E+02    0.74193E+00
    0.34112E+02    0.70973E+00
    0.34801E+02    0.67891E+00
    0.35504E+02    0.64941E+00
    0.36222E+02    0.62120E+00
    0.36953E+02    0.59419E+00
    0.37700E+02    0.56836E+00
    0.38462E+02    0.54364E+00
    0.39239E+02    0.51998E+00
    0.40031E+02    0.49735E+00
    0.40840E+02    0.47570E+00
    0.41665E+02    0.45499E+00
    0.42507E+02    0.43517E+00
    0.43365E+02    0.41621E+00
    0.44241E+02    0.39807E+00
    0.45135E+02    0.38072E+00
    0.46047E+02    0.36412E+00
    0.46977E+02    0.34824E+00
    0.47926E+02    0.33304E+00
    0.48894E+02    0.31851E+00
    0.49882E+02    0.30461E+00
    0.50890E+02    0.29131E+00
    0.51918E+02    0.27859E+00
    0.52966E+02    0.26642E+00
    0.54036E+02    0.25478E+00
    0.55128E+02    0.24365E+00
    0.56242E+02    0.23301E+00
    0.57378E+02    0.22283E+00
    0.58537E+02    0.21309E+00
